6.6743e-11 250 100
41047.75406374487
1.7099770340083182 -1.371277238943649
-1.601801458165777 -0.28909407942589915
27919.917960615083
0.1368452067071937 4.841552443503868
3.306544362199787 -2.4105851005009784
46537.711425963695
2.3432881953862648 0.06637026325396
-2.354098883730721 0.37918194258873417
15700.042621902814
-1.684808704516513 -1.3531604172335854
-0.5300774378003039 4.385137531943009
33419.74696559364
-3.8966952548665446 2.6413503673921834
-4.202281203586575 -1.6131040852937506
28171.887614233303
1.725626992087693 -3.0032367043804387
2.0658997893974256 0.4286216463832746
10322.988954227972
3.8101441105361573 0.6603520117436679
1.8593207263377725 -4.7094975508247785
34760.400407480265
-4.466973809360816 4.166336608341529
0.18771498387976493 2.9047586062020114
43071.04346323166
4.651234649669444 -3.569432536310914
0.3251865043271618 1.6375071326498052
38906.578773013316
0.5663229863119801 -3.3565123523198093
0.09723814751215443 -0.44822748715098903
20987.471501067794
-1.6625189527067263 -1.7765172395931472
-0.062359337986040764 3.4643485665273364
20458.63256735549
-3.0862966373016354 -4.068406838266129
4.21472367401827 2.105857522693732
41992.448550796486
-1.1252282176945636 -3.0013079947407038
0.7371587746998838 2.686646399122311
29574.55306908496
3.306332123308394 -3.431483843757844
-2.192394673430349 2.8265949046625547
26883.853264405698
-4.987138141478895 -4.7637767820868895
-4.955404823438165 2.6689767588340088
45856.93546320632
-4.702077806533616 -1.138168015311133
1.3203629354431552 -0.16585403590937453
28727.71918636986
-0.6053864738842218 -1.3025607322431032
3.408085265713437 1.1885108476750226
31437.91028516973
-4.720065452594497 -1.389218582521047
-3.5692879644563416 2.879676394994827
46094.498725252146
2.111092403357187 2.427382186291668
-2.0432089388600536 2.24941618585828
20854.02506653651
3.7736993706662982 -1.7048071550978672
3.3643731660548077 3.037792753726155
32097.30501604806
-3.282025749016415 3.489890825065963
4.937799746941488 2.459311902029375
10866.159793326777
-3.7061082223910446 -1.038296920266121
2.205064752404339 0.7261220916000344
13086.454372104145
3.922692183747337 -2.675662513734318
0.4360002482151941 -1.5161294775217349
21928.7866724978
-4.473268125515098 3.0819591799623662
-1.73623010945684 4.490172682095176
33437.5475675358
0.7809152634330161 -4.757747897330136
0.9367040881259197 3.4087942896265826
23770.872391984543
-2.685032549487154 -4.949830779153804
4.383594628920255 -3.204433374383796
33925.07738679508
2.9386282781758855 -2.3686397603658413
1.798754041464795 -1.3518983038318733
32960.670911566296
-1.6654723222173597 -0.5039051824580625
3.9425471576116315 2.9277275874111295
37652.348948139625
-3.6906270926334006 2.4420585536339248
3.9056954742092067 -1.6504968722887305
45198.25417426829
-4.628184543818799 4.371518098393132
4.629917254275327 -2.463812298016469
46594.52732655294
1.900253825464409 -1.5802735731860929
1.1227196210248884 -0.17983424911195556
15967.731665685973
4.8678705726599745 4.221797786513271
1.007556237659152 2.9757644974238397
37284.98501762238
-3.9608333187392377 -0.9250238688097268
4.350019452286567 -2.5517294323538042
40185.94514892452
-2.8182260303520246 3.5415507804287376
-4.261056616006346 1.7164317001621807
48785.03434594463
-4.4682399318401576 -0.947230228556406
-4.725577977925727 0.598322556165086
14659.211964606187
-2.5347998215169665 3.6935167337620385
0.29751872261073586 -3.3866669375685285
43595.04471823048
0.12395345675825986 2.5759957483342575
1.0770834153781808 -0.6319045601690547
35917.49701022019
-3.1320608245815764 -2.6766317983177745
-0.7883840039204628 3.9610100528809085
13302.1575190621
0.754009618268924 -3.71074087875623
-3.7851792383517213 2.0930257478559797
47505.54114056034
-4.947701396372595 -2.3897318380757184
2.000008724334805 -0.695353226048983
13986.036820714002
0.45546622056270536 0.2623429206340937
-0.09216892651408237 4.330600072080358
34323.40555624508
-0.9282731803056574 0.729460251233256
2.6136367205742435 -1.1772025300284272
43794.47663096403
-0.36610626245062594 -2.824134924737254
1.367579403905589 -2.033618377344294
34099.59520021966
3.7023183730429245 -2.3587529803251894
3.8741422917580657 2.6662573257820252
11270.937873867526
-4.058826132583613 3.1355589606785905
-3.361523183183326 4.1257058849584265
42886.90163779933
-2.7542017384045767 1.3849238393638252
2.8853592358999673 -0.1968240672860162
23648.06802821811
2.4245041525835944 -1.1219945749572946
-3.4206417253713117 -1.8023455766120966
31934.01255870783
3.3173138645014575 4.913588935250662
1.3431565724907824 3.193619718171062
36396.658915058506
0.05020642838588518 -2.8732836610034553
3.5839226243547557 -2.2016683403597392
18830.851013958996
-0.08821951976056752 0.28917375177566207
-4.539018872973749 0.9018692108508048
46626.57039534274
1.51385148183601 -3.2343111356018763
0.25989723009040144 1.8188710558557322
16877.211789507914
4.432818881556864 1.326971604916812
4.384219565070895 -1.8291673102590833
36007.75521263696
-4.704145331219568 3.9077054201347785
-1.7328976983904454 1.2089126067295304
10484.37214526456
3.323781355475173 2.2371383077077525
3.5849015652236744 2.7738798389495765
13891.058193009292
1.655229991412396 2.3145290485133083
3.4005816652474845 -1.4573047095283007
28485.93016431149
3.597579230664646 -4.277444712130315
0.6295645990755849 -2.5398138997232755
46577.85571535378
-2.4815368372116775 1.3637772213735406
-4.679676924446157 -3.6338640139563836
47206.74743140947
-0.38351195026671725 3.1348651659617808
0.2350411204364029 4.080590900469046
45591.029150125236
0.9729173334656096 -2.1740312377060356
2.2700914893148605 -1.5136416101042096
45766.56516181914
4.804818978236943 -4.468742950939816
0.5918099348775607 0.008462450125662713
37837.10986193447
1.5796763980748576 3.008952509226898
2.410884416624338 -3.4016550993763515
22322.95571289542
-2.4950052793206243 -1.5799261602183643
-4.517176704868453 3.8270264195331958
24969.45088247299
3.2587606352990566 4.217185017429438
-3.666033197431122 -0.43225422671884584
10955.847294672347
3.8069426246963882 -3.0445281107582858
-4.897166154110146 -4.602775823878023
28250.52537207292
-2.5701106977235364 0.6867919672149583
0.6078351185007422 4.374035175003613
18687.70077680715
-4.853527357538372 -3.078484426194046
-1.75535228917047 -0.36222422962948997
16651.585615009986
0.0815290192292295 -1.8197583661393866
0.3839757115571585 0.6500263866732316
12326.672723246047
0.8355329034827967 3.9920950779784867
-2.2024378061020755 3.420813665409195
37570.26264453509
-1.0168147107792702 2.1041903729845055
3.275512041339949 1.233341712238854
16299.699357989406
1.9516986047782412 1.0332437600918052
2.986548653651645 -1.7418341870253973
35431.96181064502
0.7353376422615909 -3.7997474756411287
4.168573341303549 -2.478107168357507
28213.459153962278
-0.344873330909202 -0.46827785723413484
3.505825495719627 0.3034539851140714
11331.878782329717
2.147395641250018 4.671409783948455
-4.617460396581782 -4.809641808891566
17372.136231422483
-0.7646136384086963 -0.6344144255782123
-0.15468317222839456 1.9617420900476983
34600.2099690598
-4.374716046804017 -2.1293117487509337
3.71001247231138 2.9277174102969736
36704.6040722897
-1.5231006870889816 -2.1253036257737703
-1.0305337507196577 -3.4704224191476705
23915.19948398631
-3.5951570129835595 -2.467816104526462
3.0044521247153284 -0.8010501054779526
44926.669673881515
-1.3320946911509015 0.8807765173331568
-3.642347024767665 2.677544056780123
10701.936709136071
-1.750317323253332 1.322152969618669
-0.1667558217900389 -1.8667044378309514
33916.90618146448
-1.4945629837793284 3.692583637433547
2.2340030807792646 0.5401399455092895
45488.44014412693
3.5897073861080777 -4.324776974363238
2.5869820781525465 3.3834106526751526
44462.406184167965
1.3075261121931714 0.3382483450499514
-2.961653871095451 4.618665690482821
14344.480431199332
-4.2026535688313205 -0.318303363703488
-2.122663540048255 2.447213624005446
47956.273407904744
-0.609947789048924 3.278229517187352
2.8863895505629253 -0.37594378738982037
35542.25456861094
4.275384786015643 3.946907384376937
0.5357413600736374 -1.8236503034604903
22507.143826467858
4.693136546320314 -3.8878066661245825
2.2914735806229993 -4.942159324256288
48755.777513258705
-2.7236743317438084 -1.0595134181449808
4.442756664912563 4.453455798999794
34536.90780653335
3.2860183168637853 -0.3104428618586761
4.242145661387262 4.679152831784402
15060.013718185153
-0.7339418546738798 0.3157465907694714
-4.4120635019998 1.4565879538917041
47595.05418423949
3.6570067677990394 -4.680622307988179
-0.3087114551643957 -4.880950406937787
39275.361602293066
0.1975277640217552 2.0595694030255327
1.2677483778278251 -3.658217699264269
12942.563689628627
1.617903886121269 -3.7073428949812492
-1.7767462897373578 -1.2823048211779242
22333.618843034677
4.94171700268428 0.11550661936824635
3.627370496076537 -0.24301765638059258
42298.77657164865
4.983978723143515 2.370326117958852
4.248575021024244 -1.9257204768203593
24040.452642300093
-2.388174048407272 2.0809314220772492
2.7186379278483503 1.7943617325657755
45180.57101592451
3.4329927144300214 -4.495357834646874
2.103300597588542 3.551883494326434
46698.20554649497
4.984914839331111 -1.1594125317614656
-4.406472026558675 -4.258888249428585
29502.774164519127
2.3637156954329575 -1.8806719591386623
-3.5230231813776323 -0.5475345777883494
31036.339548988275
2.585918001471703 -3.460347618596795
-1.186943508328988 -4.629759429034949
37656.26697732846
-3.543168819641366 -3.3550628165041596
-2.9436757188281093 -3.597143661989964
12814.90525586614
-4.169067874167103 -4.978963664446204
3.129616512743654 -0.3041452467590169
11886.93393231479
-1.043125450333442 -4.287923316590025
-0.12562521692902529 -0.5692740889433425
17324.949161155084
-4.401249452480451 4.599884827618144
1.7431742119086389 2.036483834556444
19414.2002278098
-4.790442813769026 1.2720295399396981
-1.6630569717778143 0.16067501867646605
13848.707259337463
4.129181276329213 -1.1181409654039278
-1.4041496970581813 -0.5490017024255529
21165.199298642452
-3.5169854891788797 0.7742627184618023
-0.18978553883038174 1.4630960057237097
22913.64587008951
2.08130897061252 -4.897603445277248
-4.8995195142527725 -3.9037822549202605
32765.96229161399
1.1945162352641727 0.5139760768172401
1.9282003953829747 -4.026313897132794
42965.27724065565
2.9909027881402395 1.3984913227523137
0.9846992086324313 -2.454588073317967
45058.37705593433
0.8283798249041583 -4.458767858037509
-0.7408996797916414 -1.8534414031450606
33589.091772122076
4.567918138171578 2.3281061583518623
-0.5762824925620329 4.574784608043684
14946.505781467506
-2.4674343393367035 -4.888465676001927
1.542911881292758 -2.294849282875804
31220.141425214566
-1.0416723053175039 -0.8214654488683824
1.3570513989967372 -1.0092828075915228
14050.645527621342
-2.4817147763061485 -1.234099646351634
1.0952514843916825 1.0843719527479703
15574.467221765484
4.401367495315098 -2.0013307225453225
-2.733858792726509 -3.0885151506098376
29085.112529179365
-4.5911282711945045 3.1015123624436107
-1.0395596937854035 -3.577458315521531
11977.017509916612
-0.12576564681211622 3.919228370089268
0.5259568839681599 1.2566068236390873
29124.80097204998
0.3712032125206193 2.9014758478189906
3.9582866849590808 2.678507123644705
27590.14029955526
-1.9081516928079756 1.6963037721231453
2.1033849699752807 -0.9793541357074993
40908.77174277716
1.204597287540114 1.4763125846381007
3.271646657753534 0.8841843625882051
29601.060840477494
1.1322042569225044 4.611812936425002
1.6004082912443351 -0.9063729554406823
42911.76713909184
2.855995025810664 -4.723596247406578
2.4607858413002095 -0.4537150431246406
20143.036456395042
-3.6701565126415026 -0.7935920131515282
-4.43157305114799 2.7840113203343915
15363.822325861503
0.39394380107887184 0.611790114264485
3.0682909707612502 -1.273877879525498
34267.16073743554
3.933773115714711 3.2436179735261845
1.6532343701827168 2.3331894562192783
42619.94712876678
-1.944397634629056 4.87397518988206
-4.401766115946763 -0.13782435041288643
17319.39664210735
-1.1742013848006359 -3.0336949911808633
-0.47359995406003197 -0.4291630989639881
24701.1906918705
3.217683890816449 1.7789220608891645
-4.870281330480194 1.764375298640112
37905.11496204816
-3.5772477069591133 4.829866610365675
-4.440021692983653 -1.610954201981678
43240.770054160756
-3.92710244687547 1.1230721215358308
2.6170145451443734 4.879063566704524
38662.19446212851
-0.10967187541173651 0.1223943677759678
2.781519669219361 -2.5578125145415367
10640.046755852607
1.736587495791464 0.28591640994114353
-1.0950881673378845 -3.76707567986565
12735.937168177425
-2.943948992948161 2.621442960994923
-2.6654092200446122 -1.600693360621034
30115.248863952773
1.1811560558447685 -3.362358979235529
-4.38936216854543 -0.2978634200611783
38109.657921803344
1.8255980417478757 4.731139352749803
-0.7731220067768092 2.180495459552797
19486.39716195347
-3.387156262047659 -2.81553294441757
1.2239887406568606 -1.1653714354615796
25682.669313683917
2.090844793027183 2.9523236335552188
0.9913327167975838 -1.484956773894437
36805.10566649629
1.105643274731623 -1.0615950282425857
-3.9328337399355275 -2.7291848562429664
46190.034887230606
3.9153387784447276 -1.1316847993916679
-4.205495405221987 -1.4639130060760697
11188.981990831897
-1.8680028132869708 -4.202812234416829
-1.5798412157253248 1.3927081173587403
16478.608750844243
-0.9339956460370678 -3.7368038179337604
-3.7583853890930765 3.291995368213348
36054.56229516097
0.4111140171546923 -2.3663755786588645
-4.939541820109266 -0.6730167793541053
11265.787838598391
-1.4621850335720046 2.978086344484165
4.049302623690275 1.8570601691880526
12744.502122290347
1.956366653065177 -4.403541817717413
3.02415547918571 -2.2674134289430814
28260.009892754977
4.277257694202831 0.1466530544041964
2.9387450215979305 -1.650970495511813
28905.09483417725
2.771677255878786 0.7660797264116699
2.821799214613022 0.1890719897836597
40392.48979780484
4.31379571559942 1.8498396486474808
-0.9142051570478014 -4.630756832959351
33383.916340912925
-0.6758987171809752 2.4860984809281597
-1.0484798524309467 0.7374168761175248
24889.229920579306
-4.64371090512223 -2.443910875926043
-3.977911272551331 0.1312918008637487
11194.50964454896
-0.07261222774955112 0.44100938262099465
-2.850928916222204 -2.3214381793277283
41243.28691097064
2.274320226882285 0.5696836633660016
-0.1463852047393166 3.6831370460212547
29319.63313103596
-2.4933427846233123 4.507334044813055
-4.754787009790075 1.4889862244567933
31830.9386999053
3.1323882638191964 4.079170502789729
3.752905837248438 2.515435517115664
22995.069786863474
1.862956052898995 -0.2570040682912449
-0.4403719350776747 -4.506916293337468
28752.58276007146
2.570991528343672 1.193372007829998
-3.3061667138003914 3.274161924835397
26895.49809727513
-2.1601568214718525 -4.0796359433155995
-4.281908807997924 -4.958408527152132
49445.52514891887
-2.757416681252015 -1.7541565615721688
0.6838442507605782 -0.16006622909037205
32832.09210265844
3.1717459796214236 3.2841087957156176
2.123032241956958 2.09827636631129
35537.53826470455
2.888605346978533 -3.839729301087149
-0.9803732901395223 2.4733610767497307
33126.238582100515
-1.2470268605818413 0.0737813387785966
-4.896764919631619 4.55581733633486
10407.017356600523
-3.399435191435629 -3.6751819989541556
4.241051919778549 -0.893109717217687
27167.597427668043
-1.7509176157052222 0.2060558130820258
0.1678443494424906 -4.989494851657696
42534.01835598335
3.50602712123907 -0.5609257303786368
3.0292068347930385 -4.372147842060011
18187.2386962905
-2.842459115127187 -0.9893345301707468
0.35999931256094 -1.6655846649031805
27174.78059113103
3.860437047509084 0.2509066674599447
-3.037050136598137 -4.0965031256718065
49431.8213157447
-4.042160008979491 -1.8177179862354298
3.5673166583783456 3.332631704562674
22415.72595408508
-1.9475543738621126 -1.6375991423114264
-4.59036015733433 3.542964141852881
42772.50241958759
-2.4172599605053433 -2.1544642493953168
-2.00886440079835 -0.6472541182646889
44888.86514469342
-3.4543984052871313 -2.344757080141122
4.595002547074905 2.1222909140972437
44169.5372888418
-1.1703546440201484 3.1402667934561155
-0.9780997937881413 1.7837591821268823
17149.214273737914
-2.085547522384681 -2.7821504378633555
-3.1605113402366234 -3.7055978020168046
32149.98155441791
3.342685894657448 -1.0049328699055113
1.5625936439656023 1.1971397747453718
47792.79466405541
1.025911438789164 -3.0644209351106175
-3.213157454908994 1.0509910570313616
33127.92006082724
4.598044753241711 2.698932367483992
0.6338509302199116 0.37042646347558517
16712.695797317057
-3.485084647812957 3.950153962025084
-3.735631493658885 -3.789707726974174
48422.16756328972
2.4720261576248674 -2.410566347514992
-1.9280719607740835 4.717287813257547
39394.067390268145
3.9020409745352485 1.9321460471670537
0.13147364732884093 0.02302775638207244
46214.270512787545
-3.23805328905817 4.664248411600795
3.1401608590035277 4.063574117473953
27050.604007574322
3.465899815488102 4.893641634573642
2.4929543630602744 -2.4732114893749477
16794.091709687073
-1.2509308599731037 1.4719882241966653
-3.2697900520697596 -2.754155045877511
46077.068485539305
3.964728306186693 -3.5810698968699106
4.440782312111981 4.081300841766
29694.406033733012
1.806128293901451 2.8030464165123057
-2.1769542847034886 2.6354412741828446
39986.07067360464
-4.024790787910755 -4.925813957557853
2.9963539441919975 -1.056956130441924
22245.800778656674
-3.612324716469838 -1.828539062014852
3.016348881586188 -3.018302551551608
32745.25739138208
0.00899956656481482 -4.7563764115522496
-2.0827733751780144 0.6961438530402013
18880.661458616793
1.9755470104609785 -2.8722093890113056
-4.109673354293699 -2.2181516897128697
48320.02927799957
-0.9519923998358051 4.710560919937585
3.92051687513138 4.62074071794404
15604.579694482825
3.6651579785750616 3.969409302551192
4.203275521777114 1.5314784486964959
28631.432526434684
2.9258476771974316 1.5522656806490707
0.9861498522897891 0.363983300991519
26329.062618176773
0.22229272671577593 -4.644311934666755
-1.1340400731280234 3.3893035678789687
31780.80256035954
-1.9898392293724712 0.9976392206189022
-4.089737312383522 -4.338194626539819
43325.145090026956
3.6681544173267824 -4.720585194220012
3.648215464217815 -0.1575402280127225
30759.104720322586
4.817578523657138 4.070488249119936
-2.132615096551315 4.561117443650728
14927.504290281282
-3.927175728532357 -3.896220334963761
2.203116136211076 -0.6441129164160442
37423.244961559285
3.298885155890641 4.135524966724031
4.179492272535331 -3.551817850778817
22005.052391103272
3.602807491106372 1.336441347271597
1.9229901996167689 3.246898102223536
37678.25537490158
3.7872172710239003 -2.3016040217734246
-3.02613002331218 -3.884892375001626
18370.5092707538
0.6472711418602062 -1.864913130819097
2.868883493357477 3.81970423270673
36807.60800153525
2.7865980085465107 -1.0710108527820794
-0.1668062598108735 4.516288926863702
12214.128959325557
-0.37004896507024476 -4.180802955605543
1.3969792464470139 -2.806853316914771
19816.325811166786
-3.6357589738872873 -1.989130956671291
-2.815040454191063 -0.7168536246054007
46692.260263496915
3.349305848595236 2.819143391554972
-2.767475793935703 2.5727326179530765
24799.413166586164
1.9355728894164432 -3.6166602541009385
-4.6725107756628725 -2.6397218398590026
40449.64853940114
1.8149739790326986 1.769849115704634
1.6826268314895891 0.8746458346616235
41117.006878878674
0.7399894377891005 -4.654843040921276
-3.456703983096514 1.8688106286473012
22685.31301054325
-0.7622692717277344 0.2732616654242772
0.5205981506452311 -0.622428101609608
19523.427686519048
3.0545736582625764 -2.0745450363280105
2.7206311227818745 4.2478831042305885
38613.15558013976
1.8066144131487247 -1.130394033419563
3.0111223422777336 4.934034427414041
26367.35460266083
4.990817973213495 -0.8230339523798458
-4.014861731336675 -2.01937356395271
40328.38674564873
1.0959326227764379 0.1310627466991292
1.1432623260905563 3.5756670387615124
37104.27927362756
-1.9861712607110027 -2.506910261734505
-2.1847725989643485 -0.8594187204766799
10836.290312774585
1.7315494767202768 2.8677545437993874
1.9859987863954522 4.6421722277337825
20695.70387982347
4.096743811529919 -2.071594071530334
-0.2117163504211952 -3.4486281686809606
39856.18528456808
0.3184893698657447 -2.8991809379181275
-4.4205491590615695 4.496178280155721
39743.258756673546
3.582204762271033 -4.631547300772526
4.52631673258786 4.725487746641958
13897.566214627273
-0.15294092371321533 -4.9147464966504515
-3.3500734248856743 0.05062715553041297
14415.558059432416
0.24458318233090548 0.21463249152362085
2.0799942666616165 -1.4402735857764548
32928.916806957495
-1.4383493016947 -0.5366482256696035
-4.1469533836240124 -4.240481981107803
17150.32345116876
-2.017228827473664 4.237393568328564
0.07225420815456207 -0.018922523793126977
41502.66788420109
-2.8840748644740755 -3.235283340843563
1.1035895880663302 -2.0931928991275006
34808.52240142991
4.338294719683805 1.2194873247769697
-2.231051142747104 2.3785661886131777
32068.00003547275
-0.29771614537246194 4.434741520751098
3.2267330920507504 -4.744103091320429
44558.12644037866
-1.7311180173315845 0.18979704896701932
-0.6453826356770431 -4.658287221998285
21916.458528800576
3.369802006299789 2.1640135263928126
-0.032623145692815214 4.862693078505014
32019.20296572965
1.665256645592307 -0.15535756292330039
4.316051560152395 2.671764086749018
45370.37841196756
-3.8196457252109237 -3.648650536822334
1.9266194038938895 3.0059573496019976
47683.64845265107
0.5440571685824871 1.5482997767515139
-4.977453031950587 0.6561981321043113
37147.27489533204
1.504804096640516 1.8678974112071591
4.46145386691988 4.076127843095541
43932.74394183294
0.7511826990497443 1.805041517047167
-4.454960123095345 3.0598226013950516
13836.709440236276
-0.9632553567549316 -4.542322256333865
-0.9966276851158593 -1.6941379200592843
27829.784765435154
0.5651725122904914 -4.889874878226708
-4.292654520230777 4.493079105129441
19836.642063193227
4.633448316943099 2.267153476678768
-1.9977677881608225 -4.238010574824642
15760.69053034595
3.18806496626301 2.345299635429945
0.4423438033381899 2.960649023637955
46028.472137495875
4.243303868172795 -2.3097195363258685
-2.6173692656202387 -1.9862060496415754
41239.653061725345
-4.394336226696687 2.5953494142274502
2.257202896954027 -4.64144051351603
36656.996361865386
0.774867317979214 4.5287698625943875
-1.8219539096973447 2.8198082445862767
21444.580293345924
-1.9689102866918793 3.7487392171502805
1.3810118886876595 -4.001467012916976
26983.19752597283
-4.703832620330149 -1.9484036779904557
0.7098073999429566 2.558736547850059
35959.83292165899
3.8294018612933414 2.208233543152409
-3.7633062111654745 4.404867051845294
16052.824955931592
4.139751475454203 2.90903153958177
-0.952128545800532 -4.334820587712867
32989.12985952216
-1.294549365697172 1.4686222256119041
-0.831720347982781 2.710488666676879
12041.738844671187
-1.8563456405693501 1.1340521032836524
-2.8255665373104257 -2.7036973477687676
27816.85459393425
4.169774138900795 -2.791203145456085
1.586777906371605 0.27019900069034897
38966.4473607691
1.9957941929609957 1.365698358241895
-4.661844206245741 -4.2192066715112
13910.845583612463
-3.230384762585028 4.8597708239062705
0.19816840233327326 1.4194622978193285
37986.168055861526
-4.372976325525386 -1.2543108826509721
-4.856968980104488 3.049989304944944
35922.017316300284
3.858816573079144 -1.0219846443469107
4.795392030218505 -4.004947881766707
15376.624494454427
3.3374339554096117 1.0004245046895957
-1.4294263435623988 -2.2992376131131884
28123.757584930314
-4.844319706265283 4.1195692300928854
-1.2748839546564716 2.1444191496004024
22421.398905892587
3.821676858473422 0.14990955822998142
2.567552713047907 -1.4308847651050192
