6.6743e-11 50 100
20128.263247237457
-0.7930372103610059 1.3768138445925162
-3.80556685614287 -2.8828432002004334
42764.179981427274
0.9549541161141235 -1.9374966199875887
1.4553491618955245 2.486901396119122
42879.31317858817
4.211704425219564 -0.8080581796858244
-4.2201660331991375 2.600464137856095
18060.685061113953
1.9039597729699222 0.8087994858852285
-3.9299377497159247 2.046470141592512
39774.736925223
-4.1146779621993925 -4.265207621487931
1.133481091039707 0.5578390251391632
34653.56486201752
4.062938588254299 2.346986707294265
1.3352419176676094 -0.6417371752521355
14982.280421768328
-2.7749979772982503 0.4173482546338123
-1.408400089330696 -2.0066012963203725
26990.881603821166
3.9115401141441524 0.01075708330720282
-1.1526140700743803 -4.417860819405243
43299.39813254961
4.786494954721761 -2.365752365500453
0.9071260700659645 -1.6553885283742598
22140.30354361762
3.4557317613410756 -4.801406300449288
-1.2503326877465835 -2.1212971874263467
22820.763226407773
1.6030328138540675 3.001780982458154
2.7972464635149024 0.002836827227120864
44222.07274946303
-2.0756277134095322 -0.07713248894193558
-3.334507596066356 0.2314887521133624
23344.209016366098
-0.9424314222703174 -4.653726151027132
0.7487765323580149 -4.2211364928751705
46682.673001706076
-0.6146144989239009 -2.746873028365827
1.8231462763543718 4.895595136959372
22917.643190256036
4.665486484430852 -3.6637544440299585
-1.90830566804122 1.164358042114026
34119.94137551404
1.4290323410823556 -1.856828397289986
1.7529346692717933 -2.9809493045035387
10358.66935959588
2.031675803306559 -4.388738408269749
4.913812346393403 -3.372764972842396
23085.46063363038
-1.9209076366226938 2.2546153334299017
-0.3010698926943043 -0.28590404068901254
17469.40602358738
-4.384312635717222 -2.3795005849563844
3.005714027159133 2.17490270482428
23924.554265885832
-2.7391090592818177 2.527003951020461
2.454654131508777 -4.216329632087723
12899.373842160723
-2.4665742240061803 4.288661558073267
-2.9431699053940017 -4.2213083611794175
30575.56076960438
-2.510332750101126 -4.334551901795571
-1.2121380127244508 -3.9476065058479604
23814.6412161615
1.6433980836435058 -3.5749379602468223
4.669635586314568 1.2456886374010328
26650.80790258665
1.243303946662028 -0.765880705007449
4.096483140520226 0.9953406683882537
16011.104881352396
0.3060713975893634 -1.751019942857599
2.2367919509957126 -0.317822392075894
15623.639277739741
-1.6847336340010055 -2.005869529767156
-3.219094696963083 2.4021291948481878
17082.096820399638
-3.230768321100972 0.0969472260426274
-0.7143518449205608 1.5128570215816062
28618.78013707203
-2.375429389552658 4.2442405354611346
-4.568716851288784 0.4783737598560034
31830.47477349514
2.1847293188282633 -0.15843564545676347
1.810345686885996 0.891120809666913
29166.59890771322
4.8851192717292236 -3.7966662310320576
4.4924644557403965 -1.998057988297841
22582.920828251146
-0.004580252292426756 4.943589677602446
-3.3794205376828454 -3.433012731161682
24198.293563188498
2.9417215047317624 0.12738254331734566
0.49300083012461293 2.7718999571205973
12586.333890293754
-3.8567840659709662 -1.8783886051034901
2.9881997400567704 0.8766491806594798
15893.912111789436
-4.125197023299275 -1.7992153113590446
1.5226028033968557 -0.1772637301790061
33540.46763723051
0.9688072713818539 -0.9934456210609941
-3.1652195035852895 -2.7568644849041957
32062.248147517246
1.9627353251427246 4.991947872225914
1.0129015295640738 -4.654254629614979
26163.542019491375
4.079609193192535 0.6593179341250401
-4.826076995953871 2.7542489218023922
49710.6967998309
-3.285516441764398 -3.563018759271268
3.660519257825147 3.7038741352231206
49656.01582904475
-2.2719159685897408 -0.24851398622180998
2.5785882019071327 3.9540917115363907
10545.044884561166
-4.151942974065891 -1.749400455741874
3.5969220335161722 -3.7562403441207826
33158.45725493719
-4.955787430913723 -2.1301415478227135
-0.3742468627473663 -0.8584316367999847
35921.35058968084
1.2905283669522465 -4.335393758154108
-3.542300652152892 0.7960490551328503
11800.196172756707
4.008105892425819 -2.581286490071244
2.8019084109156323 -0.4025804155728929
23607.10678012132
2.1657388253913936 -1.0859972453415159
0.7957491432276145 -4.258699384809614
16315.406486388842
4.751291895298571 0.2087056777380516
3.793651442223414 2.6159363263335678
27953.77524516049
1.9135116832451846 -3.5096524142785412
-2.5096315952223804 -3.3240568631040746
41399.36355885558
0.005091109604191679 -3.7293435754558835
-4.374200293328743 3.0328138224014847
33624.20432227735
-1.3643193375720077 3.6196576197562376
4.20223156773592 1.5530520000494707
33384.84666894369
-3.8421698440686756 -1.42785139341562
0.38328995062845284 3.3213083114038007
16095.068714259305
-4.826608551848461 4.574084885089487
-1.518422356068152 2.961104194361761
