6.6743e-11 500 100
49666.471235989826
1.0050931523444078 -1.4348509330481418
-0.35433454643206197 -4.141880660301017
11863.885422788862
2.261772742536219 -0.028847032345301393
-1.0376372286848987 -1.0993099995532676
49945.12233463429
0.6234595641537091 0.8802998652989782
0.1780818154602386 3.6637435400183396
40018.271866439434
-2.5583083178399213 0.4303589104059835
-4.371904405916141 2.87659327622794
44336.35776411316
3.423961387128518 2.5813465590129088
-3.9291278336708455 3.1187035021638163
32659.369296871595
1.1666348807215963 -0.476250543192136
-3.914535797572044 4.878518476014648
14425.297518364383
-0.9771539393380451 4.902946670125672
-0.649948899479619 4.296003898261958
14437.783447820668
-0.6962200905914218 0.6863079210180079
3.0930994545449426 3.629662127670862
36636.92505341704
-2.5340298278827667 0.15547375225987992
2.007848060352451 -3.577636153590964
31895.804279164713
2.4670914280826324 -2.6106358162199337
4.101770653665353 -1.5964745059861887
36440.71468075862
-3.258272936926433 4.938360950610889
4.937862292989504 -0.6262169654793475
30135.231564427497
-1.8051636261495707 -1.916138262657907
-3.8471849606524664 0.05674604294879515
41178.42937231673
-2.78865330717335 -3.0479277523526593
-0.5565052993260657 3.4457898596375696
28668.205828838305
1.4401377083862945 2.779809467280277
-2.528180715315107 4.158875706123402
11731.124177992966
1.6847028419127907 4.318524170269388
4.698305200861872 -1.0424569365663117
14824.846370916923
2.3694405858297154 1.4000519323365825
-1.6859458256624968 -2.712349244659269
14496.183715688763
0.5015952314567773 2.584994036356589
4.2558709773930055 1.2401752800230188
25030.30082863078
-3.534386738825348 0.9372769092842761
-1.4749028946983977 -4.897008850771147
32612.941411455547
4.473787940009723 3.5296796271283917
2.342480725660118 -3.4278674004008156
49040.7269798644
-1.0367958084185669 -4.807359007180013
-3.470117287991654 -0.8318295310139057
15194.012663142563
-2.615515939414823 3.4180651550156043
-3.4878954482397617 0.7794832128848226
24470.07658061143
-1.9765199769186594 1.8393239842811484
-0.6514177822082621 4.414224249118687
43001.40265138199
-4.89532407449976 -1.7059209623628813
-4.487348114849384 -1.181885778267949
22443.404753911476
-0.23597326449820777 -1.8292068047197008
-2.829917748800783 1.6249041827193276
38788.13049148866
4.941334709991047 -2.253501535590001
3.0211940644564326 3.224346451589202
24374.07302509439
2.481612180653098 -2.1185197561886646
-4.424929502130043 1.5385914948931854
34093.24632204835
3.336742658253236 -2.9959589146792966
2.690111708976694 -2.7982160910693876
28262.34369624253
2.959278199277408 -1.749959243305308
0.21587184066073206 -0.6623072720070091
28021.697652315837
4.341652367422139 2.5662304534857583
2.862977002793354 4.60602124882503
23789.078212024062
-2.4091687033014484 0.11927790056431142
-1.0849738077551239 -2.902713945127333
49146.64110856751
-1.123776400035359 -2.429383397854399
-2.32569211812514 -3.527026210551636
39149.57809887918
0.7828711154408641 2.9768903237685542
4.784656349671916 4.36039135821615
45015.96814980024
-2.577904369100569 -0.17404835987987255
4.207095665661054 2.3582128204354564
18778.924923354392
-2.3248207216037295 -1.2793823581233177
3.405956612269401 -1.7026973423344218
47412.32269784626
4.96943451705903 4.514877529529077
-3.6310062001415333 0.036224441909632255
37773.68146238476
-3.4074864667253992 4.231835777841553
-1.8301408772970285 -0.41097820686467834
38487.04870715166
-3.6048523820669898 -1.2966079627818718
2.6551963528465734 3.080730794549865
17537.82158573084
3.523042552848267 2.434795480474551
0.04900469863634527 4.692676310103916
25406.064481394453
-0.7299144427072317 -2.710739100186057
-3.064278852172566 -3.1538688412989115
33255.79665442895
1.754122819191922 1.260645792907253
-2.9890208114862062 -2.686793209678937
20002.80134994829
0.8300208125021786 -4.621161134086255
4.061257476883984 -4.942355023022617
29662.90979614966
-4.00062018143575 -0.28659504832809546
-1.38393481138369 0.9675089242296959
16618.572732084438
0.8864082133516282 4.32185766585545
0.0330648263938933 -3.3830155849014365
24510.014312358464
-2.8951391691802897 4.913520062641695
-4.462411874337155 -2.2897842324973405
48011.520996203864
1.449116056195388 -3.6567107872944438
0.23871941978447442 -0.8257977962511296
34592.92410333041
-1.453364018578526 4.425550255753276
-1.5115060941064726 -3.0799412803594315
10999.298431127498
3.4150046847334448 0.07262275292807274
-1.943301916962905 1.8574036794106332
11581.212051570397
-4.4052249596480575 4.727173889849228
4.757592499224025 4.532291989979324
44762.83163679731
-0.9730210573767852 0.31111125070074763
-4.419891962516966 -4.583475496851269
25323.408019091657
2.139752070937975 4.079384352906226
2.784468360863502 -4.124342484338358
39247.082294561595
2.734888975982371 2.6987207163504943
-1.2078962774854207 -2.7478370060503354
44364.57032568538
4.934305418442852 -1.5481719513520478
1.0448802076579247 1.8848248583925464
22123.42328031575
-3.6818233679402623 1.6596826029032776
-3.051840428512943 -4.084975846267752
45308.332863436364
-3.474476997723892 -4.937194545599105
2.4581501956680976 2.2489518722294664
27782.35998998155
2.5616341694975633 -2.374457622193842
-1.4105153886502189 -3.369276235384345
11897.374702796778
1.2674711860739905 -0.20243781699018992
1.7692260173350594 0.716606081929342
41896.518979155924
3.025381228844269 -4.6535280634116845
-4.3696254063396065 -0.9113990209772984
14293.176802128728
-2.715541362702607 -3.016991317428721
-0.1706109606956394 -3.6877082571211286
37305.615596330324
3.245166625395342 -4.992194763696791
-3.457893943789394 -1.0030890725760777
18863.651077781793
-1.9416781519398194 -3.7690064460762027
1.6537683105486636 3.715137361016305
29956.722753133046
-1.659740779602087 -3.401646418588784
2.7734578153855907 -1.4127435145266753
45940.52005232105
0.33617658646340054 -2.477833904845487
-1.5736295790636956 2.9977372822844046
31857.71073904633
-3.179659509903301 -2.7183329407815537
-4.478014602714825 1.3545249064379536
18249.23328494979
-3.6667544377793284 1.0524537780592187
-4.806852050373047 3.3231014637541136
45437.90444754755
4.69722282339993 4.23976389184706
-1.803984749069254 -4.286487005776369
37465.86992327193
-2.630237913735869 -3.6333292010028426
-1.9878081159151382 0.23913416117668795
30823.83959395827
-2.8655732723693816 -1.6823605422803887
-4.401468957129997 -2.2285492683048744
45331.54887734504
-2.701195402830905 -2.05899852991858
-2.415378874632478 1.0347438975044945
15250.54771217854
1.1181261240409688 4.13029606025866
-1.8078867128082363 -1.3808062286866485
33520.007362565724
-1.3994358995749847 -4.423474310288454
-0.5973321095175796 -0.11108722522468994
42679.1275813906
1.9922083225919813 -0.7831907932252156
3.853641353912577 -4.421664174981819
34131.53945420318
-0.03371796798910065 -2.888616032883186
-3.088778112405035 1.322245128720846
18017.284524769402
4.4970169486599545 2.741957885904074
-2.2783428589139865 -3.797049931267249
27459.217187188202
1.571326834535748 -1.3557304791737557
-0.03553288603714222 0.916616043965095
30876.341288434556
-0.25443973756659055 2.5952268781449046
3.809421450231401 -2.103974597001929
15111.72208436606
-2.142899862977339 3.334500120917154
-4.168026565392059 4.510156338204194
39784.23661042517
-4.887628112897325 1.68928886585155
1.936158242691965 4.421791530491301
30582.190475339383
0.6588171545118495 -2.9264907890035383
4.037658707732733 4.653492080587277
43439.0004036144
0.29023660828764264 4.535670660466069
-0.4498773259253692 -0.8082225382597823
43873.70029516177
-0.8431340895803157 4.652415443237592
-2.5880680409539982 -3.691477387650164
19161.730645885087
-1.26618505385773 1.3798195900865373
1.5217920436795307 -0.5635939964535899
25321.634412810137
0.13800660735549553 3.5520074012885363
-0.47664472310221395 3.519746790694649
19575.7556557038
3.762403802572962 -4.203216546597187
3.8196629358814924 -4.508806556665491
24426.342925319354
-1.0981147832393132 -3.7858824062638705
-2.794704420269939 -4.435973767483824
28676.794347196224
2.4723737127035204 1.9673246712094166
1.1052238083930384 -0.9546540733626374
43815.459146384484
-2.8549127259792373 3.7563285361307024
0.9366767614260141 1.5700408003185187
14743.172241615463
-3.772923101286827 2.2415559747608587
-2.1459835026689666 3.8455385748315685
23736.069995545404
-3.394139877529163 0.5224325199243864
3.403710006490817 0.6215049043297718
49753.978024516786
2.813514821990317 -4.989325910277333
-0.9907604754761508 4.493053099319832
47351.10243692939
-3.463915510683011 4.15505572262332
-1.5912033264294614 2.129883501637206
45786.8912437364
-4.616043234428448 4.02181649584578
-2.7916402215262948 -0.7989007270172932
15607.070341372431
2.337671296969681 3.5434813150693305
-2.871582390868892 3.3445021652072544
46150.223339203614
2.726465830324801 1.1590004983991786
-0.855532541795629 3.7977771981744173
45474.02717495173
-1.334329231782485 0.23662540563086942
-3.0870008357570864 2.3862743125346295
22349.638122907832
3.172379531247053 1.8571962296797828
-2.424194111591201 -3.9215896292316375
26800.04534061791
1.3649777526320523 -2.0071167719320346
-3.189839959904839 -1.0505496875126008
23135.273470308457
-1.7259009130678447 -2.785359966575024
-1.3680207114840623 -0.8952063559315251
38889.014298490845
-1.5041922969347308 4.429256323900528
-3.6274286143801793 0.7446656327682275
47649.17409394506
1.2960621405617534 -2.9318185966827848
1.7247567564079924 -3.6551556500659754
14726.990629858796
-4.5050897060578246 -4.0921919849334465
4.239516287616251 4.302194766567007
25633.35334063122
4.7845644188943925 0.7361526619598946
3.527152608239456 3.257435834606909
30623.161612289685
3.3268129774069237 3.920993984183685
-3.8684238429523408 1.1946617687414482
32455.368784025955
-1.1637671494209378 3.6689484280798776
3.171995252861546 1.6810992141552425
40253.85190798352
-4.1641945255235004 -2.274586229571999
4.954411899306841 -2.223609139256031
32099.608161997137
4.7217042096015085 -2.768303948762205
2.805586678576896 -1.9149573157078512
43697.26407281086
-2.1769066472936838 -3.159177319792522
0.41893807880925493 3.0126109689750553
48337.0656571104
2.4144763743948703 -4.703534669373446
-3.934844308887282 -1.1067112880803687
27681.13051107443
0.3875680568642048 4.941880034147875
-1.6770629984225325 -4.92918355478035
10308.711199051706
-4.449362670733895 -2.0469113981855616
-3.2529148683623124 -4.565026781147763
33177.93262121793
-0.12423680177522911 4.0451905600814175
-3.9184978525459613 3.50715909876066
43905.77344973805
2.5684611321474797 -2.438283806343733
-4.842454325021376 -1.4983959508166969
12944.508834925487
0.08948828696061462 4.514827320968452
-1.1684838183042592 2.4946782094565725
25479.51989003679
-0.5588821639977564 0.3465736697847799
2.1120999240719414 -0.94897066319011
26218.608159836593
1.2764276081480395 -2.104945202019536
-3.3551016483675014 4.470724249861096
38914.5230312802
0.865526344344099 1.336757414172169
0.5895338721829022 1.8457552645738042
12182.473254420056
-4.523580762627551 -3.7954200167967644
4.883506044271506 2.485804776390953
38881.1785831622
-0.16044679304480258 3.9905697016678356
-1.027662904874318 -3.716578089074698
13548.767786527835
4.563240277271822 -1.8017957127395245
1.3892710061635762 -4.654700885337553
48889.79678848177
-1.2122837262089305 4.131112987734495
-4.558130793070529 4.7617088662322224
40126.148667948284
2.998424236547451 -2.900833867193815
3.5951899561154796 -1.8415408262296964
47439.92279449805
-3.1908960038591614 -0.11390142808761716
2.747465250263951 -4.765868645599119
39452.10416868491
-2.6102119746730565 -2.190386035550124
-3.2332620408256685 -4.430935720292231
46327.12179004491
-1.7307206664623518 4.736617747651577
-2.4810610297275373 0.5758932529174619
39572.11445609358
1.2839425626403251 2.1515145547452352
4.737287227189569 -2.4641681059008755
33493.88036382101
2.5261241470448637 2.969142831982529
-4.67417388189952 -4.462153336143128
20340.853153775486
1.3282149919247281 4.55490842206647
0.15260961841097842 -4.089878705493558
11846.585642294714
-2.7603054370301914 3.968224862295905
-1.3755726224656781 -0.9360137450473776
40025.9296485027
-2.3523468650249857 -4.442997765234037
4.834361181068033 -4.29730151614509
12275.778861240313
-4.128632042933704 4.085341296016157
0.5654050512948574 -2.338170344914273
21870.52748587166
-2.6237966830917205 -4.286466863422315
-1.2922241998368844 3.4832586473425806
24859.616134538803
-1.586689559548681 -3.995034919304834
-0.8416190937352077 1.1331094745375676
35745.38455178702
2.1817979842369297 -2.7710394331285038
-2.698946143288353 4.123849686384107
11366.217740882697
-3.6963271633893524 -1.275346597653563
0.6526475368754712 1.0706246494276686
42994.94697999833
0.3757802874616809 3.0067574630480145
3.5079540122247614 -3.741842800465159
12211.624989497994
2.6392629790928703 -1.5071131713111385
-4.247530981476056 4.741271468636025
22304.929039298415
0.7616072724726024 1.3999931295814205
-3.625992054554822 2.6554278378742504
43853.4983316829
1.454719369492917 -4.729170709831766
4.910972291623407 2.5973894142465745
19663.869591714454
-4.365113894115766 4.122090806987941
-4.313368057904508 -4.793277166499214
23557.814314960808
-1.7373678792560288 2.1267715509987974
-4.586255201187976 4.186682261919238
20575.493368676078
2.5279269244994076 -2.7442280603402125
0.2876751765486709 -2.234272114268283
27525.85547770662
-4.400625003863036 -2.956940042190136
-3.891213637923314 0.44255541578105717
43730.70212487402
3.627581594463516 0.2188243633577276
-1.5915525728353153 -1.2784906964979434
18711.687944729016
4.65417829219184 1.9412850309042406
2.4991289480276837 -2.2071466922314076
18264.79321178008
-0.4927841442053946 -4.555695571358057
-4.703273142338256 -1.5186210522125032
10421.541952863741
0.15097545757477704 0.5260457053972818
2.57369577123438 4.8675036856372955
45382.635554317676
1.5299123885673733 3.175357845244429
-1.2550334966051633 -3.110395048264627
47976.38403848588
-2.083758865722165 1.8541300468369695
-0.33047056886462656 4.1043815407449795
33282.34336523012
3.065404874442537 -1.7302287287601184
-1.1389341700048772 -3.951295397182093
25170.46716221119
-3.613154108364929 0.007066023168221136
-2.1613976014888827 -0.008709714212077557
41179.17508653412
4.482392782685286 -2.62457322401168
-2.0007660171095787 -1.4457787273876574
41760.80646473289
3.0073020473702883 -0.46586760524209847
-1.5270668638205032 -3.4738314536004724
45350.64620994362
3.199513426659067 -2.2842582573929295
1.9691964133996231 4.027701457845618
24457.286864121466
1.2893818865783988 1.8706613203461098
-2.4849496345073128 4.9543418658786305
47118.603504723265
-3.3276858514167715 -3.5628809950919873
0.08300934358316425 -0.18741113136389842
25708.685971680396
0.8309130748011162 -4.350525820015764
3.816607247359908 -4.603169718511019
43435.7905483129
-2.832041750245705 -3.111210428960657
-2.1239248171100167 2.4095516668447168
42716.412992137106
-3.543146608166957 0.3314086962000653
-0.047369244926432685 -2.5744777758196093
22499.363458502943
-1.085229888023468 3.104928641396679
-0.9660665592094428 -0.964596956222942
13079.955132078869
2.422287660191401 -4.140455502767795
-4.036174081338673 4.894944840753334
35683.13603435608
1.3387990026474936 -2.17737075025496
4.874389939150362 -2.536574702377629
10191.202149540057
-1.0766122919028764 -4.514627954873074
3.0090326007636534 0.08086332750809966
17132.623019019207
-2.6361034547063387 -0.6244747083807205
3.5144666251509786 -1.5499011901664606
44234.930649668146
-4.293855081461314 -2.7840925689791787
-2.0658837660756735 -0.27995197634055025
45589.77848723068
-2.949942042709941 3.005405625174367
0.6489590831044652 3.605966473598496
11944.258405161654
3.446007515312443 -0.9676887951955457
1.0509494140852036 3.1382148602953794
34378.40948535359
-4.3351771597087465 4.565872562964939
1.6966151422518099 -4.294434382224842
22041.18306905555
-2.218907698823772 3.794579567979625
-4.120884262093142 3.017375774256644
37115.9012870249
1.549669969767269 -0.33738972668630574
-3.801789652150025 1.5109869151341364
15684.83502061032
-4.154852361096073 0.12044750019330674
1.9535737024242543 3.361220034908559
14292.54380395516
0.31568645589692146 -1.8902693725100885
-3.479139584146785 -1.5983746315872862
13007.663860426732
-1.6415600432220536 -0.5029759470778252
4.610109671658529 0.8425502903075195
19820.82496142806
-4.557300005538325 -3.4982171476340493
1.205269641980495 1.0400400791895104
39842.36578364238
-0.8663689577366966 1.513304053913446
3.847822719890381 0.3997253474104383
31529.89946007931
-4.741354479246095 -3.7436109610975765
-1.2375321573109375 -2.6589020838421
10560.386719259399
-0.33175024685869836 4.222204840717568
0.5568382380344881 -2.298245831716369
45499.262032904386
3.2278489661301837 -4.061718373242705
-2.1062047895893468 2.35097447577437
13787.49931742635
-0.848541491524756 4.186923271218358
-4.717286003237171 -4.906223347160989
11326.211066596521
-2.0794087813502826 3.1895373126472055
-0.9747954035694697 3.3723693438450155
18095.792369988856
0.09877971348470016 0.4592516308514414
-4.854487853124971 -2.1151280064829914
14377.709888111183
1.317942678707099 4.655188925020807
2.0018082956052305 -2.238853325954071
36221.317271512875
3.4184770578340764 3.122032347653624
4.093327273700728 0.17055506352456007
30862.12063237469
-0.9061869812946979 -0.546738365672315
2.7977891908910957 -0.9071112790304667
21718.81034055486
-0.850105174482799 1.3714950274764401
2.704558666627719 -3.644243737757619
19610.289920329502
0.32770464394610777 -3.939162428692219
-3.880582238590314 -3.4428509943887264
24756.532074411
4.581736476401408 -3.538817910530805
-0.8361473177696945 -1.6048334965594622
30866.03659961578
-0.6943955846003078 -3.006857098842527
-4.476973249502673 0.9092100829230283
12828.534893396365
3.0263669665602393 4.792595814512923
-4.959990166080304 -1.3924353070023177
31184.490721867092
-3.4261889905526988 3.7066706437863246
-3.401968221284599 -4.296764744860951
11579.520006044737
-1.001039611253943 2.624231546308539
2.477624975064055 -3.8746441601346184
44607.196626763376
1.7081367658763744 4.899221699080972
-3.761057483804746 2.000727652390543
49711.34278250564
4.720539470162603 3.1963691727723695
-2.436198274203493 0.3519455841139987
42166.5662240912
4.433195901651052 2.76019798504157
-1.225142264649163 -3.0374900340013014
11240.23160513047
-3.278592061528144 -1.6828713099110248
0.03885303267606055 1.132865408330403
33862.357892372645
4.91506100081331 1.027454274835633
2.938337049457491 0.5406517063952503
36884.71619634299
1.1855021731894988 -0.6476735502009205
1.0319184914458113 0.4376942498929619
21172.7063918695
3.106703665759916 -1.3166257115643356
-2.229252694726458 2.529772969665112
48542.48974275861
4.125380816894019 1.4553044113041516
-3.754724385524807 -1.5510482993237762
27522.33771240237
3.2843809583012202 -3.722014279084714
4.211392235212513 -3.533385584945976
27144.406010468443
0.24750473943301454 -3.4110816924625453
-2.630223361609957 3.4060051658877164
32560.91643295132
-1.0911815898148172 4.773467998805023
-3.0440461557094656 -2.0802852733608503
48744.30174697269
3.056733554492494 2.1445551538218366
1.9892283088581557 -4.646630472228034
36001.876272019894
-2.5397875944357473 -3.128345166726082
-2.895419021861423 -1.2914036241098525
25865.456977569345
-2.422488633576698 -1.917350785887609
-1.5181683246082258 0.20075293656598792
22211.852222141315
0.053160303562082234 0.8496498413687767
-4.853752260517926 0.41590825226639616
44608.86387269624
-1.310490638372468 -3.7866084989754123
1.080443006341718 -3.89906677052375
21931.659257993408
1.0516635774537715 1.6990924734049004
1.8804588186285436 2.7477818454327547
33682.70417140011
0.30786916892663996 -3.762243751143326
3.287852876408248 -2.363641728695316
44659.576486467464
-2.5867987918156823 0.9749765911040491
4.121166880500095 4.795046649715344
18464.178270970653
-0.9209478179941852 -0.0006923690985907172
-0.5890578275050409 -4.412003572326649
12756.12485570306
1.3158037279988548 -2.142016890155599
0.19161285132255923 -4.803479969387366
45847.2260979728
-1.8670490283123495 -0.2059248538641265
-0.37105890249080353 -4.764875756980028
40120.9759012755
4.089444014787745 4.91335773564788
-3.6005935954640544 3.436732878355599
15880.362672276127
4.4781261758743405 4.161104303817179
3.0724009504504775 2.2224317617194433
49614.879603863046
2.4530940296057437 -1.0842678332487021
1.6703375452950144 -0.8793079776765991
22926.624394962928
1.2000625731882213 -1.5458049510197478
2.71464029858012 -1.2552068093329174
43951.08673003989
1.830593385340519 3.606397691932967
4.802364211409625 4.645314926829821
20222.086117731407
2.3142272556272516 -2.7160200507856014
1.400039912738574 1.725563750499938
18477.70582862227
-2.231157186169719 -3.2447342706234306
-1.3704280757836318 -2.939650956550514
33621.4929982063
-1.1444010790295978 1.098166809757303
-1.2402385286946558 4.76810745662425
35552.222150160815
-1.7146438856825275 -2.272534177255187
3.3675978576031724 -1.8670005768229925
17884.029520010678
-3.1922675171997863 1.9946145845706322
-4.380447127826633 0.36329386734000746
36936.56840973883
-4.383640567213572 3.010031352109232
-1.4086494404772498 -0.5291352350234959
23596.910028052767
0.6521857593843752 -0.05884286508924319
2.1536826715523976 2.6021607190522635
21251.13988235854
-0.6403973002954064 4.3736588570761405
0.11896479290448259 0.39715772857244236
27905.852647950247
-0.8967425572266894 2.28979270907912
-3.9119996830497303 2.571591474951063
13297.218640996787
-3.5429721961155005 2.354773539020128
-0.9665284024982039 0.08681557569630538
26116.99916572227
-1.4687351297994033 1.696953319411607
2.8929094913440405 0.3714839891456956
12053.847924688092
-2.767053375412656 3.020092673799846
3.4046307720877156 -1.3655946822847431
44731.00192013526
1.5237689712951505 -1.4336831109931913
0.8914700829469924 4.071076660271519
28307.058883528985
-0.8187758184523588 -4.914778292263656
-0.5740267347518646 -4.115060915911995
19903.34338806094
4.531788370153301 -1.0922222418114425
2.5780181100019925 -3.0530677609042254
33061.494372516616
-0.47229122184986494 2.7302136377958313
-2.417891459358729 3.911654697492077
45715.65864659969
2.9228590473379388 -3.4621755536456025
4.323498774318917 4.283163412363688
27885.621117211347
-3.285507000551373 -2.134589586264626
-2.9317097166618753 -1.5778525173887967
48976.55103946695
-0.6220101609631987 -0.4295368531133894
-2.3562571532921126 -4.25323288499857
22336.604222606547
-1.3125493866401774 -1.7102232331404608
-0.945600840603321 0.6480769892878468
17979.7272808918
1.824913648571017 -3.6282238670632494
1.3873711928364383 -2.2573449396280045
39601.457657662046
-0.3445237462142092 0.8091643387245515
-0.677290131841839 -4.24457808057054
30214.68731510522
0.717934788914957 0.6882630967875203
-0.019178201576906417 -1.1687852621558492
18330.322393816023
-1.4907906752713007 1.1416176377857141
2.4682898404159612 -4.262977696980094
29376.82524905665
-3.2400666116479293 4.433459687119326
0.6984166273532209 -4.05344710385979
49714.82091889413
-4.738547727598283 1.6023724633633885
-3.2628729383610056 3.116930162765513
34826.686119158694
1.3589228374877385 1.0234139689199395
1.1695555717682495 0.8662510824938741
47082.810926516984
4.3005560337707855 2.8564856604675004
-2.978550214570772 -1.3844327472070916
32121.534914811935
0.5297636582848391 -4.4160618618103555
1.1126109220665388 4.1567536372497
20139.39952912714
-3.7292838717669197 -4.467188713360964
-0.9451391582194137 3.1286070196084363
19524.516209435154
4.359282140092818 2.5056730103538367
-3.5904759562251334 2.374999241222115
12593.471939856787
-3.8005161583719085 -0.22157270364290405
-2.4684520334790463 0.10933095757517197
46678.15408802391
-4.042733732330066 2.083382442775532
-0.8382032709459208 0.22645916365625407
14126.61040777713
1.2082116228218664 -2.0921744716854596
2.416152889342139 -3.438426582734644
24210.651063648438
2.014341321661812 0.530982535966734
-0.41656081731272643 1.9712745346522738
41149.15425610318
2.630972217738229 3.804027285334019
4.320438187331563 1.0961169708542648
37684.03852424296
-4.271062928768017 -1.3394727307950793
-1.787208375460251 1.8110894874520866
15633.05364080187
2.1037311803294214 -3.272358546569344
2.417865282583806 -2.862116178567393
48009.31486582972
-3.56023757416697 -3.2490071356790917
-0.8120543899164323 -2.280301857543617
26263.989580874666
4.501238324794157 -2.6085583094344122
2.348237021587848 -0.08574443832116962
30596.311114647462
2.32078591311652 -0.8291200211026322
2.9733083374991223 4.325577402856258
46050.06021358045
-4.49984493770227 -4.044390450843606
0.9558831713370441 -0.13101438954242894
32785.09737630225
-2.25293534872438 -0.4198570022058057
-0.2815943577039608 -1.9574697717274891
25381.406022145144
2.0752629266573006 2.804164222966767
1.520638376381788 -2.1801799262306787
41199.81407621913
-3.8418466939857074 2.5923937021617016
4.04427949010006 -0.886997133992943
17719.943153280008
3.935122022900938 2.8349187794018826
0.8778038267733344 -3.8350304651029266
32206.965291006534
4.77623550700441 4.600951438213386
-0.14801436313868788 0.8241657776386502
23423.018783994798
0.572232186154289 1.0854348890917018
3.058664589806213 -4.019574113404586
48595.31949039875
-1.289218817547849 4.020853851192324
4.81324954954405 0.8137990325898583
44775.83073066919
2.0003405724816714 -2.2713860984298293
2.7807675292858764 -4.912045278000513
28087.333912824404
3.79739516113014 -1.5260487344336893
4.5479541187433945 -1.732547297004304
44028.27708623015
-3.385123408563243 -4.399619105287559
-2.971902180165441 2.8421399438853143
11516.319055761258
3.2664334264954267 -2.3068632289164483
2.585083625670398 -3.312109112092212
35803.19524224131
-3.9491469156941337 4.970047692695831
-4.30459625340707 2.7085450592275677
41193.97116843991
-1.17193610119678 4.458030145859622
3.6049347871296433 -4.360849478790099
15172.731466525202
-2.1451545666595617 2.640981397582536
-0.4799938991862298 -1.7563550782606976
11473.786679519495
-4.591015505652555 -2.1571504122784946
-1.9738320829332165 -0.1552757430333349
25084.949364948472
-2.998283757333361 -3.4336302322590706
-3.390283512662405 -2.8096340856175805
42975.11713684276
3.9813364987353097 -0.9697144149584327
4.393617340887625 2.121472597092037
17985.77272251549
-0.6849933112797135 2.4785941662538837
-2.547265547528318 3.776242252540886
23024.45294510955
-2.8884302819773744 -3.897379625016002
0.9240041964297276 -4.572786217207359
13360.580650013488
2.1305651182637337 -1.7673418579236122
3.885370272282284 -2.9637292094834544
21964.618430435497
4.662494890200158 -4.474347879937289
-3.0117754657816684 3.4497761622780754
16939.682315610273
4.262235132432579 -4.409236263510149
3.703261058700523 -2.5123517329946554
17460.984608717026
-3.0963154179021823 -1.7304200735202127
-3.0192374488613796 -0.4035554981320004
34626.43038574956
0.9941238569105257 -4.902103170638186
-1.2512801768148774 1.3684986570384874
44973.171330899946
-0.4127991179617032 3.9010776160302107
-2.293986616406606 1.9537146182687941
47906.16048934067
0.519368941886297 2.534607548281528
-2.522289799462208 -0.3296877169702075
40780.47147005588
2.958638771602061 -1.3575040049565192
-3.882882853858236 3.5815320174281755
24193.958809249674
-0.5295920895534936 -0.2825131129716132
3.05465711036274 -1.4763331090858136
15546.73706357394
-3.8743570188935186 -1.1035731555776431
1.4977126920163277 -4.98275736307114
38076.83578072276
-0.867425752722804 -2.8695791918960145
2.3006177138121338 1.176843124559431
20436.66297318579
-0.9144214838684475 4.696641404516662
2.751127012847226 -3.620103919141464
33658.57420630331
-4.0833879511906614 4.314616642144927
4.58769265433409 -1.1313615996466462
41331.471905886036
2.023736305529531 -4.207448985350237
-3.781006333941157 -1.6850131895748022
34225.97335880665
1.7532645463206205 2.28481257152454
3.7019888883449834 0.08123078222302027
19607.394091701564
-4.5116346716652656 1.4180765640428428
3.875088789120319 -0.405220924300119
20628.840220177462
3.5459725848235912 -0.32202971480034925
0.09601639963638853 -3.4385451430956215
21072.194437682047
3.2798533484950223 2.723138111436204
1.5555305550998044 -3.29679501873948
29734.343192430864
3.55296228242306 3.8206790102142527
-0.478246726943949 2.7612053795666913
31886.241347822674
-1.8829487465495731 -1.4401409608558682
-4.450263060617327 -2.2821863056562917
32568.736640721218
-2.0091408316167714 -0.8258256840323188
2.6488723488923025 4.73930637952137
19878.81997978905
-0.4313452284018311 0.9936033191319629
3.9687792537468063 0.1540425082267758
24369.604933258604
-4.898935807482331 -3.6073200331781283
-3.7660431582797327 4.705380636012736
35571.135972020296
2.5521876694951198 -1.4583014811561181
-3.382536021812257 1.8971259276388155
31923.625372516806
-2.600976435402859 -2.7440679239039536
1.965631961848299 -0.22898963996547295
39315.121088908636
-4.530440034544672 1.9660131884421617
0.11251567882908908 -3.0023691275136755
25026.650858298402
2.4567007076059646 1.5367580462950023
0.09106330788361916 2.403841322929053
37100.46584720137
-1.4275673872816008 3.188150370618244
-1.1635114824869284 -2.0036785457186346
16601.192899582955
0.9152624284394042 2.9090392743138294
0.21258922577409223 3.268510763583487
13592.734776078292
0.3144056709522802 3.288595264461403
0.8282698478206241 -4.264568661629546
49448.45542170746
0.6257981226896678 -3.8066037849358327
2.004062831239599 1.0735947243591237
41537.041245904955
4.894881977911027 -1.394739038579349
-0.5932450065793216 0.6496333470486011
26972.598700785467
-1.2980468407536074 -4.483449969904177
-4.169222602889537 2.5184040074003775
33688.08243201989
-2.058933594122696 -1.6874490587834612
-3.7161492231356377 4.476578650161759
28304.785681952566
-4.279802538768505 -0.1709472109482597
-0.6965242100794544 3.3756703991024697
43634.18240857083
-2.0447648900121917 1.5674241364553456
-0.9500892915766981 -0.40096207243592374
16265.719574340612
-2.6761589725164683 1.0229838446505521
-1.4778037117160645 1.7918466449517627
13357.853966670671
3.739169859811952 -4.5785604030330616
-2.3620892513499117 -1.28224248915609
36560.356565332535
1.4932844325111185 -4.900795799972249
-0.5767831538510304 3.3916754011958936
24493.666648044407
-4.644414643143341 1.383798076587218
-0.45243124474797547 -3.1641693322591227
37269.41446052397
-0.8305048009700808 -0.9216804476381748
-3.5685579563166483 -4.706095685156878
14134.779886834018
-4.465697094573127 -3.612642329909751
-4.6248917646857 -4.149965431640866
30580.9123767008
0.8702105481564306 -0.4291740074532342
2.061853419667191 0.19051136241560407
44966.43629335833
0.6886481149561128 2.984137570155977
-2.596952392050478 1.3130453239533937
37932.47672061256
-3.528463400803169 -0.02921848015223638
2.0836139517789256 -1.519501603018715
18059.19952995015
1.766589130156353 -3.5759639380401707
2.7281237463347052 -2.333435222014315
32431.764940320256
4.782624610143147 4.640284982698118
4.1669646305422265 -2.5811757718954977
20441.92339284234
-1.8989292457235765 -4.597925551260226
4.820037098316716 -3.9572119835412467
37774.256274463594
4.881786910515485 -3.551155790106658
1.3352988554676877 -4.30559700929225
24820.352205640913
2.12761031399752 -0.11882851940108274
1.4891001321462891 1.5585803873348016
10317.247493358362
-0.04931832989864304 -3.4450057477144966
-2.0576822344811085 -1.6071796275579042
13418.997561967077
-1.220294940179214 2.767186361079953
-2.3839012580918273 -2.1407939455610214
13488.917313255335
3.3549936899426562 4.7034059733843225
3.6894705414101505 3.9963686393853397
38331.34535386429
1.3819991903572078 -4.9642808195378185
1.7871969467959055 -4.801195325875202
47548.365404454984
3.6072730111512517 -2.045571388980446
-2.677252842891492 2.6515836571386036
45873.01694360749
-1.403225050135485 1.3936978215385567
4.17476621099237 -0.11052843660927891
11213.150225152
-0.9958183841282731 0.9988433417516882
3.786190202232735 -4.835959941876313
17181.49500295034
4.303109541292471 -0.6557591087812034
2.9928494065183964 0.06584600990818235
45830.003391639584
-3.421846819139722 -3.1719308153166006
0.32994900947566386 -1.2983736786132938
11528.070245729963
4.188866193265971 3.162983518608854
3.381000896450816 -1.181641002728954
17781.049118502087
3.4107995145828536 -3.4718044954500815
-0.2005352644071401 -4.462269312265842
48691.43724171088
2.0499198855691283 -0.5780286813431612
-4.56518005692577 -1.136178247774664
15152.870851373562
-4.2110703118853134 2.762861287090086
-3.1472955242703837 -3.4647983590230638
12193.483084378282
-0.8669293971753671 3.4601865238101297
4.164709522540154 4.976050075987409
24755.56061953588
-2.8371961608658456 1.2373482901141966
-2.7250659531376655 3.1391468664494653
21086.75972790938
3.8115913206770315 -4.364872058524037
-3.3560570288102243 -0.6833175131741562
20567.89645831554
-1.1487811794727563 1.360563888299585
2.4119859248960376 -1.5417530845816776
43395.31750037462
-2.674328860278097 0.21057231973232948
2.902868222957043 4.830114162033746
41278.58308660002
1.6197118924120204 1.2142689932850814
0.1958072631522061 -3.7020624121389667
21413.93285255583
-4.437571229651619 4.270354751830528
-2.4388988601687913 -3.1715176349785077
29957.47615227307
-1.7858842044980006 -3.161296215805459
4.331324329076015 -2.505250826708921
39599.13683217832
-1.79163552135818 0.039386982991254094
1.2766832938487376 2.278345491463752
15022.974049294975
1.803826101957588 0.46340094169240675
1.8905608219427492 1.2247346342196437
22564.917968185968
4.544059057343757 -3.1657001186056286
-3.4536410751385596 -2.8603939793122937
26213.416947097554
1.673260556119624 4.848994878720605
-1.1819013525384623 -0.28035461003304185
37691.43747980625
4.011678590349678 0.20512265421402276
3.4001491434534685 -2.033634410910391
18579.534822979243
0.5512595970322991 2.577366969498195
4.828888660899079 -2.092028046562958
27054.214979766446
-2.8375553209626494 -4.9500849457057665
-1.2658733119482077 -1.2595853524203928
12845.38221450006
3.6205015647270287 2.3284596856465836
2.6171608332716865 2.4615302772788663
36273.656041167764
1.365007810428792 4.9861855547287135
1.8121670521268136 3.4842405212747156
20825.959323206378
-2.9613915130374027 -2.929763003806255
0.6693166868511167 0.6988296237571303
30607.574173069923
-0.7327429855363619 3.774676877137237
-3.343030258458274 -3.3240534369528207
12503.15735325862
3.705158063986577 3.181456521724268
-3.6062358231349356 4.553728070428635
11905.441698322851
-4.85652754574017 -0.7192955214598937
4.5960335174668305 1.530789739964776
36260.07095013755
3.0605193062232896 3.149154564156964
3.4303176419366608 4.238592811232618
40944.329053096444
-0.16039266299296528 -1.197441492556445
4.197233492163107 -1.192017320145622
24777.796436163597
0.8439385521993623 1.6852232339089879
-4.7695464812147055 -1.0196618647233526
39308.05496872334
1.9039492531307545 1.6473823992359096
1.6992388599628807 -2.714697759823088
37948.668992992636
0.5851554372673533 -3.7574392246643007
0.5393084395180736 4.698085252605246
49921.23689307416
1.7418235264955593 1.949502489516581
1.943776832192599 0.48161957489409524
20721.95348483687
-2.0078337339410646 4.2973777131186
4.09233375746747 -3.4753672493600685
47305.61613720621
4.971026907688259 2.6422943597507054
0.6621261259323576 3.88679351016852
49635.73081826083
-2.507939113375506 -2.2399688692986066
-1.404398207111278 1.2600499614180514
31189.871993789515
-0.8284803881672627 -2.951719003794117
-3.05247662530613 -0.9744198643382651
42622.120266250975
-4.042873637186995 -3.284553041529199
4.638488682945903 1.5094738830396404
23922.40578440267
-4.105636864309875 -3.056499372030468
-2.152289844941093 -1.314026426807965
22272.590350547056
-1.252162643565323 -0.8662050594684914
4.9749057951791915 -4.481737711346079
34111.02683493066
1.8942477710709866 -4.863191889875793
0.6132709664040279 -3.001810841310487
33960.67386471434
0.3677779085811137 -3.3801897751928434
-4.217833964197166 -3.9668596775298406
38186.0466701953
-4.213307067951596 1.1669177512609537
-3.1674545263271425 4.732026392514047
49391.96291796689
-4.841335758235284 2.268143101992811
4.860758285016567 0.6126273796704762
20442.21112794363
2.2115551165968705 4.088314103220933
-0.013234640865503522 2.6209087281309333
13495.384671974904
-2.809470099505189 -4.306182690905626
-3.6960054600392036 -4.553391663308065
47190.28325339635
-2.4922574844385457 1.4740739918908732
2.2666347950553707 2.2605870339515812
28511.474748889246
1.748076854898887 3.054639784161054
-2.969354110357182 -2.7723752875044805
39452.22386789518
-3.13283004836073 1.695405411217604
-2.466479858351188 -3.6291986569469237
47829.97410245749
-4.174004989143091 -4.325397528527052
1.6528910799693666 -0.08337374226191585
26524.944025099754
4.007936366223584 -4.068854863709871
-2.3939206730220466 3.2759842776489805
39105.98021595579
-0.38738260675896363 -1.939177502059045
-3.7292145205149865 -4.657203940912025
34275.75618021941
-2.630026682852148 0.8375230280105574
3.967507786867449 -4.946155716355384
31183.209882220093
-1.5296984176653625 -2.7664496365747504
2.1983185508765803 -4.802391096689264
18388.258809476305
0.547202208665647 4.958845130992746
3.400081556316273 2.7339746827973617
18260.80439096711
-1.1941655047588084 2.432922096837463
1.0890707557592139 0.39216159332113243
36596.453021750596
-1.6227222692527543 -1.7097559511026397
-1.536467882904795 3.373775657573759
47524.91397560367
-1.7720501523291343 -3.420612235444053
4.072476452828704 3.6183489036534446
14397.910126092262
3.1418379780531094 -1.7416327492618144
-0.24523748475122265 -3.272581516463813
20599.388434187058
-0.04471381324564572 1.338807924814084
-4.475153364074007 1.9498145773378992
17469.52674164511
-0.049864559533485675 0.880456539334129
4.336414228288877 0.3765589779731897
16572.148923161512
-4.730396333444062 -0.11349303388393484
-4.086602375965432 4.237826570484694
34085.37164644855
4.079535916822035 -3.568272715592713
2.6234606898035606 3.6148230066593623
39755.00713039728
-2.4980639475658837 -4.294461551813332
0.44237368335657123 -2.9411370237615166
19086.369144526598
4.88307580928822 0.843946591290071
-4.798465474886148 1.8811598946158883
15224.680427290665
1.922662267796536 1.9164780010646574
3.848927582749944 3.943641919785591
20147.295161054404
-2.0178986104406746 1.19004598606951
-4.6236954049373145 2.0455351508822552
43687.3610731279
1.227203891218811 1.6075503853287714
-3.1919182478154715 -2.431266647999384
44083.59007676707
3.767479031194922 -3.4719538136705497
2.5812880163988208 3.7136441194865224
15160.299070201578
-3.8944030278753896 -2.618139875357377
1.9907324247109486 0.06165110499965909
17883.247549478598
4.864190392344073 -3.457759703534826
-0.882575310131358 3.2540292068453667
47782.831388690494
-1.3838222441061507 -0.632403861920082
-1.6597858825135026 -1.8301976837358058
29853.67441620212
-1.5619806886523402 1.2465216285369447
1.9160408409601581 3.6992582913732033
11193.866555086735
-0.5485200448452847 2.7629601417613863
1.0102722983209116 0.6110311931978805
42529.054915857305
3.370883016883351 -4.641575229673103
-3.328856278255765 3.005168076422425
15141.367430265906
-4.867546144404507 2.609209455548868
3.4218094892795534 -0.8938284106412766
44842.58112428329
4.628611102388836 -3.8216000131989714
4.568964338434046 -1.80829874438722
26678.586919145855
4.340750980378434 -1.6836903939381367
-3.5756540534631065 -3.865972800974553
36685.23787461851
3.012862084476991 3.9743565515110575
-0.578856550608112 1.9678623377462046
28072.36126062926
1.3491558288869125 3.1564877007407723
-3.933162067076151 2.1691557823287155
10159.715313924376
-2.4583473683666437 -3.8627714322451325
2.436578958281558 4.34725776028675
46168.98309064916
-2.016898317263567 -4.545320004347367
4.10372175579414 -1.6507248735552982
40607.67766232225
2.195953849965079 -1.6247259390321958
0.35477248720337506 -4.472054024751989
32795.989383039065
-1.0169727061460057 -3.73589090463191
2.697522069597066 -1.6930247163343246
10550.220429123901
-0.6996930492921285 -4.1107212462426
4.179423084518966 -0.33668414686903514
22579.887855716108
1.7758715330297594 2.8257400917562325
-1.2441735901674598 -4.178901915402334
21311.560524553523
0.22927949489396138 0.3609543027493771
1.7991703982122917 -4.589924650451235
29804.017519787252
4.1680952864995575 -1.718643084962351
-2.9287320977345557 -4.649069401638503
33505.76883553305
4.525473351644875 -3.328687253749502
-2.5033435726343067 -3.686837346870676
14930.705555037981
0.5159453182084031 -3.742418472536231
-3.2134936535356218 3.152410383953857
39857.00045571437
1.3227243304216882 -1.849275669273498
1.0504546031636774 4.329328957331452
15062.505140581496
4.250531393268314 3.761195102198302
2.645224563524339 -3.084853372408861
12559.014605330194
0.3536731538347384 0.6037611308569533
0.17251196837432392 -3.356929513953968
33405.26039459165
-4.58890615541352 -3.0141294131954766
-0.09994374600982248 4.758921739684039
20723.408536775114
3.444014515752423 2.312865740564586
1.8975107992317657 -4.197178600345564
18268.829132638908
2.62147527112056 2.2412349854131968
-0.8129765685979802 0.05816093133010547
49006.30255634242
4.331684472341271 0.33734323223649465
-3.3294425596434896 2.8077380916938646
18092.483098527988
1.1987179671596202 -2.1826318770026996
0.38562199274979836 -2.265629368176485
43931.845654737415
-3.377883680661867 -0.30676749951096927
0.929992601440083 -2.1002154911940885
23671.182172154236
-3.830852516650819 4.028620948499681
3.5867021472697225 0.23091185254723978
13035.062110486626
-1.5604806223720047 4.480134968188329
-0.07892120086157206 -0.6485754038105913
29672.199449257125
4.635156646917377 1.8428163915798983
-2.1643075497968844 -0.7215093005439366
37992.92116262497
-4.1596181448085465 3.123467876720264
1.1751191987157297 2.566265446076102
18698.612849565467
1.2441887671746006 3.3693972813692152
-1.5119826621143106 -3.062949199090166
12323.36911128669
-2.3435583282588524 3.6801899776651013
-4.59520510332854 2.7171104033544093
17725.841818777524
3.114268170548609 4.423684137934021
1.511964423144022 4.858967781577489
36210.397468833675
1.0139657365199062 3.85228030776352
-2.7451998672835543 -3.4008456033153034
33507.56768717684
4.037614166140566 -4.994887758634585
-4.773666246772306 1.2417007950809786
46454.30451016791
-3.7555729213257605 1.8512428367275966
-1.1913103871436395 -0.24655038619677327
38793.6061391636
4.45214675153052 -2.132725016534552
4.4861610118081 1.841346170838448
39474.71726878217
0.2081139708988191 -3.042426506141862
-3.5077402406778613 -1.5403015633291481
48883.48446754527
-1.7324423018035273 2.0225060562308954
-2.6364824126500865 4.160193646210011
41716.424331993854
1.0041958734344858 1.51706126897182
-0.12264836672548718 4.4838807488250385
41324.11023555792
4.80355496412219 -2.8818040960130062
0.9207685683148874 -0.6996170014977725
32566.40308308748
1.1738653170962454 -3.721320067882934
0.2327470898812436 2.942571860301464
10621.696871371716
-3.3012272758271277 1.7728188116517813
-3.4554178748529516 4.872324725348173
49546.5379771515
2.8976902329384977 2.0628131425807865
-4.018881093470772 2.226317904481605
41390.23408792894
-4.050757469350855 2.0499782224790746
2.936056171333047 -0.9600614691156428
35521.4231125484
3.7698767676396425 0.676103373045124
-1.8777398315768181 -3.9311524154930177
27645.90021911495
4.269069507024621 2.363219881501654
-2.7560387645211293 -1.2082825715502787
15688.02766884815
-2.161397580575647 -1.1915746295261256
-4.288051620032528 1.7353340269624153
38754.10900976558
-3.0295815837159212 3.330220291076273
-2.526630659454181 -0.02301136023166972
43744.32973981601
3.0461171978692683 -3.755763200302961
-2.031191192081442 -0.6563239281156887
36400.799225168215
0.5949624411501553 0.6255273060844768
2.756524706126581 4.887465980746452
21710.03020557383
-0.2879819756642865 -0.3049321834285248
0.317959031297943 -1.4575410846736991
17066.1342584085
-0.38034439207036286 3.321595440815834
-4.861483473080744 -2.8631789674077
19779.93582764891
-4.331165587871024 -3.8079382777933803
1.7711428131327303 3.337015611267116
23320.12766751296
3.608908297848922 3.4065902942666586
-0.21310812546424618 3.2826257175353177
41449.90910173117
-4.65991569761334 3.911780514744393
2.209516278546209 -2.439690685597683
49534.32728902986
4.726462542549193 1.9330177232790806
4.398515897374226 1.2350092614171082
29701.115026579013
-2.7623828289819508 -2.4241664566465637
4.653457368329763 -4.248398617001873
33561.536929724105
4.210689458396658 1.6794082862223263
-2.4902709408217683 4.956933363884593
49472.98263051639
0.7711218493263932 -2.190915194138907
2.8552919838706012 1.046905107604247
34080.773511325475
-0.44503639799790573 -2.4867628317987975
4.451170045161536 0.25534312165136264
20820.462307938596
1.1856209100548964 3.061588224907416
-1.3151086772303024 0.41416075025633603
41495.14841856026
1.9915656361379108 1.2693537854410355
2.9662906940839537 2.7622655755241414
49474.434674890814
-2.3416074095207176 2.1379648079341242
4.537794580826882 -1.8107194298824467
26102.95799284552
2.6581142678514986 3.6729501316399915
-0.9692842501565053 -0.7925158401107035
25154.65400397087
-1.462453162923362 3.732428515956977
1.019598260059369 -4.422374124764563
38765.355823640544
-3.9481190766045646 2.2525567592271596
2.3320465494790277 -4.888828714544506
11390.08758840812
-0.4892886937152161 2.2549194211971146
2.880914388049872 3.0689803727565863
37441.66028475214
-2.4547427934529553 -4.954445212286247
0.6892337722645427 3.159701844408909
21806.941689135172
-3.939148211210944 -3.369136571819351
-3.277108648703204 -2.0155689085526496
11116.696591728234
-3.091675941396627 0.2148311190931782
-1.7668438875630676 -1.9035440782211435
24567.052976339037
3.382192398385559 1.168110829443206
2.5884426448328632 -4.228837798103743
32458.35472789452
-0.14227757828749077 -1.1802353113312503
2.272709186221787 -4.741988066250804
43684.7272804197
0.5039052923475564 -4.080106437600586
0.36671682997408617 -1.9340099318189798
42332.05567222857
-3.337314420614562 1.4467728815551828
3.6405147911115527 2.4665760925758304
23873.642464058383
2.951242203999249 -3.8292748379222106
4.770505457812046 -0.21318388048459802
16929.581893559935
-3.4803026255005265 3.232215412649433
2.435832454026632 2.182879213297512
15628.504631264368
-4.204408894752337 3.2629359191979717
1.6728322170450411 3.9501350893017904
40885.32598287922
4.85329765151425 0.02179025583832761
1.279072066134245 -1.5838679144792902
18497.795904323226
-0.4382177736522266 4.774254301306772
-4.412678955869564 -4.727334573664862
30936.570397738502
1.1418873999307158 -3.5048805915426575
-1.1613292320878 0.07323901380015574
17881.27246821425
-2.3675920277020754 1.9978107742136562
0.570540714181881 -3.198376766828096
30629.495416068174
-1.3184954198734067 4.479573731264585
4.385907631959935 1.1966618190289546
47290.96909555807
-0.25501884234393124 -0.15967362331761858
0.7846565848695981 4.460661435311762
18479.826991143873
-3.055589308423782 -4.3439360494785415
1.8156421550467563 3.15315120496882
23395.512468913494
3.371770640165506 -3.4475819591031454
-3.9141794018300216 0.5265289423050792
32803.88631503066
-2.667175790317342 1.0748811351361969
-1.0380258011088617 2.7113711523174056
40678.12019280459
4.969085649498647 -0.9745156606585255
-2.7118557753580177 4.435465182422867
28098.88878487861
1.9365364403264458 4.422269446823451
0.6114285744316756 -0.4528421468477699
48912.95623169227
-0.7460047561897287 -2.304316991527812
1.9809395844680422 -0.3959854797316993
11231.038691078435
3.1704168493486904 -2.126886294495235
4.4095370868063135 -1.732459573671259
15810.443289364077
4.431699376507227 0.3359445498595184
-0.08269888195324526 2.487197452265333
42954.13918576642
-2.9565126040691503 -1.802394709491939
-3.2026631107441874 4.7173433581098525
