6.6743e-11 222 100
45969.1313417527
28.61583447830901 -2.1481789795871444
-1.5303314674344035 -0.39631520711632806
43636.51170614705
18.965917025007975 0.5526989501558823
-0.9404650594298989 -1.810469428858287
38765.665464017424
21.14952150064972 -2.974811605132519
-0.661109395220155 -2.360388993019924
46258.83198713624
14.761429647564071 3.8941708185191786
-4.783597887341859 3.251954812378264
20803.111578283682
25.005455290531927 -1.108029836881089
1.9379173174307365 -3.9644830292878765
26164.18747511054
-14.225719153277971 0.14469166954947354
1.522823395560426 1.911543901812105
18414.676786964737
0.005837962355094817 -4.800725868923506
-3.509101983285202 -3.128471923148559
34720.27872802953
-13.215683825278202 -4.771824992458978
-2.184701412397324 3.7371086150667043
17693.558686942855
-9.41691319825759 4.84417095252889
3.007479403057296 0.16695072366715102
21101.683346313817
-4.2225256571363605 0.5726150914884993
0.327223315877756 -4.625521995119371
47959.38461279329
-10.77514904992643 -1.8488296890170632
-0.24518379893617404 -0.88982600426489
46175.36509116805
26.17376784840232 -2.02731420418044
1.5504603914906543 -1.514100212385019
23675.2499631733
3.1055230636113116 0.5609351405700158
-4.793984293139388 4.46996929235436
14897.141821932772
8.783709294592779 -3.472042277132622
3.8180137806404897 2.2981999373712503
42243.9852903676
-7.623003218844486 -4.831834077032423
1.5902905825859373 -1.7021354454354078
27534.33807540851
13.705922769190494 2.130295947087716
3.4955402903418538 -3.0313109295960547
26010.77458520301
29.1562668771953 4.770750677617551
4.542743519267461 -4.5380003448986015
41949.79977648541
-15.581999206986207 4.517623485558124
1.4910698600391505 3.092452910337805
40323.88258916027
16.10720593120567 -3.0953402195965474
-1.013896381269622 4.253425799093103
35777.27088534263
-13.440227559599148 2.3564416775037245
-2.658690700192823 -0.9458615816386304
36087.54573103803
16.764207277671332 -0.6346060097151156
-3.1188374230700866 2.0177690149599155
40244.53077241094
-18.966111477853673 -0.512273414314043
-3.973003099553918 4.346167498071722
42133.71401630477
20.091320557756944 1.0435890865749382
1.565709060667297 2.028672795274571
23749.612312983267
-2.246015570454855 4.187542974671446
1.1133999078234122 -0.6369492096246674
40684.3180516422
-4.989433968361899 -3.5479572845832728
1.9788049154003406 -2.8753464600255985
38173.734829505425
-16.07998505075239 -4.863086244246353
-4.065604660532807 -0.24048823765969285
40850.850193835795
22.812346510507155 -2.823088570134219
3.960732465508519 4.674995194530439
40014.510009241836
7.454866894658085 1.5187280026738605
4.389313705835477 0.34893169285397185
27353.152751510333
29.25038024957439 0.5073051367692152
-2.007757917878691 2.6659921053364863
39389.95656418057
20.925354182229157 -4.625186778585699
4.308903473146442 3.1185478096642303
41529.38215561336
0.1574926697197334 -1.516758550094198
-3.4564247818614913 2.8932564637558755
29971.206752687576
19.884384556229023 3.9090157288980905
-4.00896355138444 -3.051581965785429
45441.778040958765
0.15891385360084698 -4.046363389131206
0.713853248799019 2.927443999584023
40790.82806518584
-14.202324105749618 -3.5351895901450003
2.1337466259108515 1.9567289357268507
22345.595910843003
-12.778898192330356 -1.760840551195626
-0.21347334639822524 4.214694670212246
42859.30038542669
9.251481434427092 -3.3337169447540105
0.9457319222568641 2.494542373825216
17382.637560961248
19.957031245132633 -4.199667041900803
1.1745023963924703 -4.66809245955244
23045.16036250045
-19.369034636578863 1.9917865326771453
0.2959942002117302 2.3588116505110897
37899.10694008893
-13.420035080143897 -1.0488688063949922
1.1421086286016733 -2.8021910715922136
32395.08377398226
-7.353352000534967 -0.5076495735437234
-1.4370145820148448 2.468802589679104
21889.8328901129
-8.381296259808833 0.13624005951954565
-0.3858319986561378 -0.604765309160725
10718.712474969969
21.294989820874903 1.543197081645273
0.00911551185257764 3.028974145602378
19610.83399444713
4.682496167695412 3.6605679048421145
0.14957045812117542 2.782060733433375
35437.92041970876
4.7563666330177945 -1.9855994009023448
0.47847809169373345 -3.8292097897645503
48646.86313258628
5.235977950615084 -0.5042658530406054
-0.7800704728251207 0.7284584737727151
35960.38180179964
26.503640695442968 3.1581291678709604
3.222359496269352 4.43362155699808
30720.047412114058
7.91068646046055 0.429445151910242
-4.173552829450516 4.157239544188464
17580.539907926064
-2.1762476066343908 1.4912094422296542
1.233490229746808 -2.9464526723111764
42762.417264468895
9.279116280390994 -0.4977906013290383
3.6439013928597657 -4.264957048859149
22464.654808547886
-9.165870439829092 -3.5260271343325122
2.6765510616451103 3.185004994082938
31998.358446663096
28.348507927630514 -3.005021778156088
-3.287311798745669 -3.553835424330619
16541.13974338368
-18.488202287091926 -0.04346260966968529
0.208938598809274 0.9133629015877087
27980.452032279318
5.789631029857311 2.5458789663433024
-3.3027306647419783 4.581981615785319
29308.83898418131
1.7882477417417952 -0.5093129739376021
-4.493245328419936 4.579821396096618
33697.95827760663
-6.235979930046714 2.1499940111564246
1.7182055024720189 -1.8512798518758111
23873.511914544884
24.912646812542185 -4.858816913543782
-1.8799178427656438 1.773735712205621
14286.699648499558
-13.649122736224122 -3.5224678583663604
-4.3957578674629385 3.279528108403577
39275.667808139144
19.398571786102814 0.24804091523643468
4.238858462556031 3.9803853773735423
26786.155581513485
3.842689880081675 2.9283742685053387
-2.437987432847958 4.44760234992213
17610.33083446346
14.168096416371185 -3.5261580986302707
-0.28781875500223375 -1.9655333500751384
18657.855506365642
21.610437182655502 -2.3192590415189396
-1.283657125223192 -1.3750500684380573
32604.2263434959
28.102005489551082 3.773628752246008
-4.91634385326366 -2.383222875472195
42379.975788786505
-14.630951376316048 -3.351399279494066
-2.85028291034363 -4.293397837362937
23908.335231529156
-17.37134269855394 0.6583099048002445
-3.2788289466779954 -2.816214289101194
23497.52900592098
-11.09142070855276 -2.4463483882386483
0.7348132852535763 -3.2362838898017046
18456.921861405128
-12.243561677213743 4.786155875750865
-1.4644254075826546 4.272570429167002
49159.52578811272
23.69807102826826 1.0219447212869763
-3.125772349961987 1.5211755027406948
40070.953709357986
7.259422132061978 -2.7143494381764888
-1.0482702081805542 3.0246686183142497
36945.317160481456
-6.774278024049906 -2.564848292239643
-0.7472000343681824 -2.099552403717926
20364.81861920523
8.587464570947603 3.4071502751577896
-4.971378826533295 4.409515333936003
24329.75985730601
-14.174603298792714 1.6566540046962244
0.8396979170448198 0.07722496992498051
35122.37358706845
25.831490330279017 -3.2501707416267243
-3.780540930314528 2.7899431083583135
23051.53813941349
-5.865127199762986 -1.0047483266907986
1.3106556664492972 1.6180312980528377
12420.717283956781
1.5318323603145068 4.468980619979924
-1.442205302678551 -1.5028156317127528
22935.818442720432
2.5981432456619515 2.1644528974289523
-2.7942979679815307 -3.80071234548941
18776.152705457003
-16.137543705588293 4.950387227080393
4.691760196721237 3.7745259016645925
36389.30292405802
-11.139688261726493 1.4503360191695247
-0.272402738273021 0.5720008940590198
26887.81801232356
21.621031726971673 3.1243862736092325
-1.5879626411241041 -1.682492243171223
25698.06922783113
-6.822457549351684 -0.5174002630956966
-2.927979410331006 1.7802411073704913
42980.63498435565
24.88921649923605 -4.523585203672744
4.829874862111952 -3.6561915856341565
20786.119932082554
13.416449704283686 4.660200532638942
-2.7045110503362126 3.0618422712622486
16653.91001308623
-6.506834559054152 -4.929843443090687
0.8192820851520644 -0.9965824237891505
17361.890442969197
-7.570736427120588 2.6587405142742346
-0.6760055896102637 4.126566392039953
29675.473845903456
13.856804584015208 -3.4898588826045964
0.573115794302459 -1.013113289555101
29332.447247877848
27.585439331547455 -4.366978244235278
-4.790462437886884 -3.4956520631968555
43655.23891403522
16.936286113665247 2.2722782135242525
3.1687944241089827 0.627367131893477
30855.931557830907
4.338465838908913 -2.3032184557876234
1.400292070166281 1.0998653577088202
45876.42083530013
-1.9313953653532145 -3.2011564168055817
-2.194662456993438 4.5374513928553295
34365.36213952464
-4.800963296640475 1.9965952800960265
-0.07368685350196724 -3.3295502461019533
42518.081711395585
-12.97634369152879 3.405712048099275
-1.1701111255384822 4.133014731878246
30852.04096461705
14.647531142243551 -3.411058497738304
1.283309421780717 2.8474564483633635
25789.388282284075
5.0354042380625685 2.9719487519372967
-0.6880232554801049 4.51786878959615
47140.44765255045
-8.570344475739155 2.6746355232830368
-1.1720358942461075 3.2477331184219906
20129.13204757988
23.56697302688101 -1.2566600898242264
-3.644888117390802 -0.9128738180330451
34423.64744257573
7.928776230819736 -0.8233383024633056
-2.3384058435493937 1.555096749881809
11757.608766816042
26.97275645067773 -0.9896042834710572
-4.768272045937795 3.681394726915663
11618.30231914231
28.60668751530598 -1.9999496738029885
4.978265878344642 0.4603451041292361
46136.682381009574
3.7203862048177783 -1.5215327347158922
-1.1538527468547546 -3.7228862265889395
35246.444726140966
-12.658297420398094 0.6356791642783861
-2.2017338921515197 3.8628326965848565
17357.879745889986
19.72855789568972 -2.5711427975509684
-0.9611507508804129 -4.55034393434698
37913.21961900104
22.53533631994221 -2.2688918432630176
-3.6331205591054894 -0.10559879243039916
26325.180397201133
11.153854892798481 -2.8623194760269977
-2.049009305074531 0.6145592611092523
17839.136702101234
-10.391910726776098 -4.268549837619677
3.9314053545302343 -4.220364963507511
12392.125809722034
-16.386245600139574 3.741588181280255
-0.9447292091755832 0.8855599785438919
34208.21812552093
16.611681614987702 -3.963037206120638
3.991965056224373 2.4308340238370265
37109.253770632844
1.6572847966153326 2.2125907810881253
-0.05824911326435789 -0.38781700234498295
39731.00283583695
14.340454461019966 4.578035330784662
1.4960958736924805 4.8607506075159925
48469.05434929216
-10.20856754180176 2.968093848435055
-3.945457884796574 0.5813148889922504
24001.73846144153
-6.283138934584953 -4.733665382993526
-3.9703295758294144 -0.13022790886958102
22674.219596965002
23.87488429505442 1.6506796337161216
3.3540684675588732 0.6587295110648617
25825.701820116323
1.2633963824755199 0.20351803845756766
-2.170262010497128 -2.1688495683081435
16676.543683707012
-3.206443420512098 -1.0143953419542284
-2.6518439704726013 2.665839001784156
26023.945724717556
-12.763767738319903 0.20341843999146292
3.4775824596149647 0.5247832656679101
41627.08376007089
-4.789573045970728 -2.205173162182188
-1.2155469357377657 4.299355148102155
38497.28609905704
4.638935184790391 4.4455133399770315
2.7014716729475214 -1.458743028195173
23889.44451108873
-6.476289003996232 1.7406385258655286
-4.719154846113209 1.5198978962000638
39807.257138071356
-10.609710046281588 -2.7734824715418194
3.4004427993106905 0.44492477816900866
49504.88674671777
29.250067491788286 1.6938974922660623
3.9210609160152075 -1.3531388689774762
12544.987715887244
-2.808121073002937 3.357104239436536
-4.92613588405442 -4.761891770272854
13974.04395996634
7.705637579318871 2.742087294823115
1.6535680006964881 1.5573818220664997
27148.258426696484
-8.753395239771232 4.925212258321402
3.6311618764507685 -1.8577545381040772
30946.482126177718
10.902701789614262 -3.91174663696268
-1.1314050859154436 3.4510490622278525
21082.069654721767
-0.9674689210096119 -2.0649194486737255
-1.1340083978988638 -4.772634060838252
12248.929851271063
15.019969951081123 -3.1042346225904494
-2.323299437186513 0.5076866068000996
12669.507499225165
18.149905782423595 -3.9711459052918396
1.3346260242815084 -2.0930747639069294
20774.58483558851
24.417416383365463 1.635969275033661
-2.8642011704156847 3.3057581293840865
16376.140739510769
21.26430358692425 -1.4806747610931295
-4.430199606387893 -1.372376416306226
28365.179977886844
4.551435893907591 -0.6645157605483156
-1.2480035672423941 -1.5389520966365575
19591.40389876582
28.338319840932606 -2.5483177967856143
4.2755367880068 2.8676787345447385
47604.1966380608
-19.84325395346252 -2.0370301610763217
0.05225109681232798 -2.290862154857576
19162.70344707629
-14.5726061639653 -4.87834563312581
3.7257565340241214 0.09773904293737345
49144.871231569
19.096743357363465 -0.22190957406251144
0.5694812331363757 -0.0527978003544991
37982.88618210587
16.949208706549783 -0.8781500075269317
-0.768254882782867 -4.482843838941565
11099.354523236076
26.458441677659586 -4.1796487400220785
-1.077686320300594 -3.24180944457656
43543.5977385479
11.727472045125737 4.860835752370342
-2.521706643309952 -2.5826560257868927
33730.65333485099
24.175697778479787 -2.5196041909539146
0.7468533375041551 -3.4603899309138617
24911.402220805445
24.412065578946553 -0.22673309267541164
-1.910974718758057 -1.1834785227398124
12191.304982371865
18.430426798756393 -3.106644343697594
-0.451421367391581 -1.5030113999745023
45156.94116570713
-9.901672585625786 1.0527272695223635
3.020500906468314 0.07767240833981148
38776.95134981579
-2.497074903074825 0.911907285085972
-4.298136053332355 0.6557895177888531
26031.219286677187
-10.476192818896983 -2.743582314301052
-4.76286231180315 3.5798163842093356
42888.17267066363
21.940479253979113 3.469771128533397
1.845659660578944 -0.1543694571711569
10526.308063189545
20.304404428517962 2.143925940251826
0.3560816000233933 4.571686238180776
24783.042418641897
-19.702493272013896 0.3710208969367894
0.5159536610992248 -1.912296379808165
19552.860222912394
-15.734198980583784 3.193109535004883
-3.0173020872559455 3.8087604409624127
14083.592175064834
19.42259353159973 -2.5669690788140445
-4.225847270383396 -1.5851463927631038
40593.0671358423
18.90849582661631 4.117782129070768
-3.1485815954737104 0.45561870329232956
12271.609597806408
4.1059424691991495 4.563000322362239
-0.38112573444539066 -0.33774659596514045
10305.141799090403
26.73365033513118 -2.3918330347091263
-0.12766569662195337 -4.273032298748709
27358.92027375905
-8.41594934233526 0.7772390900214896
-4.220925839647878 3.5367456536911526
22404.097004173338
-7.605287849257419 3.5562471117201717
2.44801951147714 0.9312067904480852
39658.850796637766
19.22620424361945 0.5750071119928606
1.9297566054718658 0.7259283258530704
10986.710448623253
11.309955408804385 3.8751603132255568
-1.7206804148370058 -1.9361803130543223
48168.24648725873
-0.209173445232139 0.2696076855138436
1.2910707285821408 1.729646983351289
41728.65697033832
25.093579067292993 3.5898953071590523
1.8357620923358535 3.8776452987504744
38797.76477111205
13.27572452420938 2.899882707436607
4.384354265885609 -0.7172179559431937
20384.463595963665
4.917292165575777 -1.866072702058863
1.0585264938885954 4.821137738590357
38419.124114637096
-9.45585853316304 0.2602950633686083
3.760359387826984 -3.2658910406449637
20632.12473101153
19.273915100851234 -1.3787838688400225
3.6395904163843333 -0.7363394106990508
19599.96022124593
-3.086765303931031 2.7471453742448873
-2.3746030949607055 -0.7250158283495933
24433.83932707949
-1.9045950558710274 4.120449883225692
0.893709493901973 0.6619193817885041
39145.17224424795
22.8215654165055 4.642211617639298
4.1858998517826915 3.906759576837329
41189.38696743225
20.112656181299805 1.8319175844121496
-1.289198874849542 1.6134629513389722
16974.159495725788
-0.5542871507525362 -2.301393531774324
2.4238229464632264 -3.193245954170152
44141.17894863126
28.490028114199305 3.2199511550503193
-0.28026598683819515 2.5540790936411515
32455.089462527674
-11.45938064670711 -3.3484540667431393
-4.639621512205938 3.907863576895789
23472.78560830722
19.2147326513158 -3.127107962778571
-2.132875244028136 -3.0390916529679246
14276.165165495866
2.39741884237721 -2.845997652377924
0.5461729496630587 -4.782831040290141
37843.334836230395
25.999992352202554 4.068633718289114
3.2159774574753683 -4.020184977996523
23568.15949585996
-12.652596910835626 -3.9202267575838965
3.8835943871178493 -2.314765196654567
32684.039322318276
16.996373601161913 -2.293002836891521
-4.104305630396089 3.0489992106637853
17067.817789928413
28.85067170405876 4.349469329520929
-0.5345303602291231 -4.606152582300897
38336.88227126823
-16.77461161569117 1.6229492092800264
4.590090239116256 4.920393098167967
42733.19129014053
-18.600092711931325 4.816124766427558
-3.077977422517255 4.025344917813015
37074.64542499668
16.579141765615915 1.5797395304499071
4.531759346056228 -0.4543517448638763
20337.57518308326
16.644849796401083 -2.1060822250776
2.7938834620634223 -2.8881093126538637
18877.686637754727
8.229591825462073 -2.8727904006604232
-0.03555240843904439 2.499994402298973
46848.20776542437
-14.240207274137472 0.6181646550156517
3.0250817737802045 2.9720483229897807
38216.77243212998
27.998512699777436 -0.9875289148677915
-4.15374721726945 0.8066945250828024
34697.23194162772
-17.708539481999868 -4.251068428500075
-1.191913754394859 -2.766049089730833
28843.378988344673
15.887761012222931 2.887094773926668
-3.9713623982247293 -2.04905176564417
22145.054376161315
23.303038525716822 4.752138937491669
-4.835779070349552 4.262268694517379
11695.12511352282
2.2210706374907545 -2.7413162765470434
2.7466222150085073 -2.0516202850683274
10370.684025502256
-19.53931140314965 -3.9392125384845933
4.695633918817498 -4.370201200548507
37968.05616890213
4.1188070163980655 1.0178876226701208
3.6235165909398077 -4.790644328090652
34357.42698312961
2.5373980701614087 2.9072110851408253
4.512493712271349 2.769030289506073
48821.325355149114
-4.083129140959855 -0.7744813605704115
-1.1920390310610962 2.2896801441647066
29146.622509699453
4.992264210532145 4.782385758660757
1.6643163156961478 -1.086492553459808
24118.902330523146
11.877430587928206 1.1146343124842373
-4.76010450273461 -2.2907448014348155
10981.047930169292
7.330857241385981 3.9233319638165707
3.3957449369704307 0.6856352889686415
13378.393749723582
28.583762479305 0.8404675458468489
-0.22889479129914747 0.6680036473361364
12511.417402802794
14.093322901333693 2.532152548723742
0.29733914644122983 -3.0672182663537564
33484.34786358138
4.476714373795783 1.350499619595242
2.27383262357667 4.060455657449767
29530.23597594917
29.239287509785918 2.0592505504877154
-1.5794829771043863 -1.6649397209187766
26733.91901243241
26.58569895214437 2.4240013152666338
-1.9314094779583901 -1.7231742019823173
38858.6526929391
2.7987545824332827 -4.191495235106851
3.5859365964667074 -2.580318702671093
46306.555072477015
6.662745379323795 4.813513175074583
-4.100451686297229 3.4608401513553684
31106.293677642654
14.401150641579918 0.8271358303537326
2.9436527013444094 4.7011329884812465
23184.041021943274
-8.274695620581328 -4.605111845265032
-1.0073167242499013 -0.3013310436077843
36069.81888900013
-9.523674922321522 0.2164549909240563
3.216078279383085 4.361548239548764
21883.88435023323
-19.173896463572646 2.3866096119244107
3.959082295571685 1.8577824436456005
21115.18103037922
23.18234568597846 -1.5114427505908576
-1.598725284080115 -4.549043226088886
20921.009760295696
2.2149943199317903 -0.9849316902428775
1.6010544159267255 0.9292685147487969
18723.77911981338
15.13549651645421 3.358290894988679
3.794722118814853 -4.079469709989714
35600.86341916598
28.963089690043525 3.9148082355043403
4.195794201346013 1.6539427478995163
35086.6201539044
7.453259210681548 4.612698501915034
1.373114739756235 -4.177840902010745
31637.529686440455
13.497923486446439 1.2049875685465006
0.8639063249677577 -1.4947070231353954
33508.7503937748
3.3141628718137994 -3.7524160363528605
-1.164692179118033 -0.6793702538966944
48259.60747010566
10.3493644426444 2.9956834929892118
-2.7776774983758443 -3.8939487476981394
33509.459556549235
6.565939197401484 -2.506988681547413
-3.2691833007544258 -3.9839993600605927
43144.197623904525
29.79911154284828 -4.536174432377452
4.506933510402849 -3.6944238463111976
17394.51542258198
15.194890008028146 -0.9524141823873942
-1.0832966972457592 1.6823032639350854
29508.74198365939
-4.041699257364167 3.6590678739551965
3.5438641136717592 -0.06423634148513102
41630.630310708504
-12.509857432073023 -0.5991055692601233
4.613943603259857 -1.9297014556415961
25440.031361965353
28.062782128012458 -4.419203062540687
0.5050539143097135 -0.20256388129925718
17174.066330488466
26.66978737232182 -0.6856663366449993
-1.251407815969503 1.3386846158666934
47360.10529052953
18.74876034300828 3.383425234170973
0.22803490364181833 -0.1853559501415738
10194.970995876434
-6.022588003299887 -4.612498213319428
1.7316955921954005 -3.7827917980473416
35000.82887352808
-0.3826654943151624 -2.3813310648977515
3.2189410949040607 0.44674456326547407
48788.30841612797
-8.73024910623174 1.6772470600012923
1.6763207127747757 -3.996875807069328
16921.305510534017
12.270122055530557 3.780235888421549
4.585594444168757 4.8983097645585385
33091.39559951793
0.8658291411378194 2.164440312810129
-1.9897486079888504 2.4393026550955
